real_time_s,peak_time_s,peak_time_m,peak_time_h,bl_slope,avg_baseline,pk_ht1_hz,pk_ht2_hz,pk_ht3_hz,node_dev_1,node_dev_2,node_dev_mean,avg_pk_ht_hz,mass_pg,pk_fwhm,transit_t,valve_state,pk_order,segment_num
3809433478.73746,56.3518581390381,0.939197635650635,0.0156532939275106,-0.00126840903770454,160.643336086883,123.565122174654,130.758675821485,123.00467508386,-1.94948461727317,0.15160759130085,-0.898938512986162,123.284898629257,97.2561716511076,125,231,5,1,0
3809433478.83784,56.4522385597229,0.940870642662048,0.0156811773777008,-5.33019558069247e-05,160.393791197199,134.867883250063,144.233396753336,134.894313329611,0.335130287118452,0.107169828787808,0.22115005795313,134.881098289837,106.404104587172,128,234,5,2,0
3809433479.00634,56.6207320690155,0.943678867816925,0.0157279811302821,-1.45865643825252e-05,160.373498969376,143.393679988175,154.56599179026,143.17914843958,0.318209821811604,0.155157504556464,0.236683663184034,143.286414213878,113.034834363319,131,236,5,3,0
3809433479.28128,56.8956713676453,0.948261189460754,0.0158043531576792,-0.00216708613427709,160.848831432045,40.3704687491401,41.9880669069481,39.766121486675,-1.77646134386623,-1.37782420597827,-1.57714277492225,40.0682951179076,31.6088104145926,110,210,5,4,0
3809433479.54768,57.1620700359344,0.952701167265574,0.0158783527877596,9.7016113051879e-06,160.416918136418,9.00574232601815,9.08629619118623,8.91440297392117,0.0456835269778973,0.0589260881689436,0.0523048075734205,8.96007264996966,7.06836257595822,91,182,5,6,0
3809433479.89648,57.5108757019043,0.958514595031738,0.015975243250529,6.21687356470473e-05,160.387675091221,121.719054485287,131.413940121997,121.928884577249,0.0997290386308501,-0.0313947652952376,0.0341671366678063,121.823969531268,96.1036836115837,126,230,5,7,0
3809433480.04597,57.6603682041168,0.96100613673528,0.016016768945588,4.46629353424361e-06,160.382346281135,164.379584436046,176.191438126602,164.398392711848,0.399350209424736,0.174235300975454,0.286792755200095,164.388988573947,129.682093006204,135,242,5,8,0
3809433480.18375,57.7981424331665,0.963302373886108,0.0160550395647685,-4.09829921086078e-05,160.390840947203,146.443393868593,321.182981460862,200.398765921359,-25.068933195307,-1.70222201524763,-13.3855776052773,173.421079894976,136.807269192852,197,303,5,9,0
3809433480.43533,58.0497224330902,0.967495373884837,0.0161249228980806,-0.00156077783460569,160.575740421668,7.3566166176714,7.19147714669643,7.00342448966444,-0.188511264576206,0.433928093144047,0.122708414283921,7.18002055366792,5.66412690597202,89,178,5,10,0
3809433480.56717,58.1815593242645,0.969692655404409,0.0161615442567401,3.13007009452543e-05,160.367358718902,191.728000542743,205.357096346798,191.563225275644,0.0461738466489575,-0.177713759469811,-0.0657699564104269,191.645612909194,151.184117702272,133,241,5,11,0
3809433480.70148,58.3158762454987,0.971931270758311,0.0161988545126385,2.55990537838082e-05,160.381493573828,207.912147475088,222.98023235556,207.757889134042,-0.185157330691364,0.0419880248338619,-0.0715846529287509,207.835018304565,163.955508258357,137,244,5,12,0
3809433480.84650,58.4608941078186,0.97434823513031,0.0162391372521718,-4.29245846995203e-05,160.417476259154,209.976466972224,226.273194729166,209.763236486937,-0.262731902648368,-0.172440743851201,-0.217586323249784,209.86985172958,165.560734130017,140,248,5,13,0
3809433480.92199,58.5363867282867,0.975606445471446,0.0162601074245241,9.57048847661187e-05,160.400171703815,148.234499584318,159.000103037294,147.952641386149,0.0547174496251276,-0.105199430447338,-0.0252409904111051,148.093570485234,116.827071861008,124,228,5,14,0
3809433480.96067,58.5750637054443,0.976251061757406,0.0162708510292901,-0.000355539915167439,160.419492331056,8.00589567826614,8.07323305304775,7.91855215987942,-0.0819858951837656,0.00889450638861344,-0.0365456943975761,7.96222391907278,6.28118629943966,91,181,5,15,0
3809433481.20184,58.8162322044373,0.980270536740621,0.0163378422790103,-4.24262186769344e-05,160.422123543506,173.303355646238,185.253010900466,173.045402954749,-0.157975009979503,-0.206839335943508,-0.182407172961505,173.174379300493,136.612653667105,131,237,5,16,0
3809433481.42195,59.0363433361053,0.983939055601756,0.0163989842600293,9.42283339699756e-05,160.425558458583,148.34260234177,159.306163859338,148.17734094112,0.106056791808155,0.249443565079391,0.177750178443773,148.259971641445,116.95834129945,133,239,5,18,0
3809433481.44614,59.0605370998383,0.984342284997304,0.0164057047499551,-7.60743233012299e-05,160.484142711414,113.992071380044,121.710059097139,113.911469247308,0.219679288173005,0.42054187061872,0.320110579395863,113.951770313676,89.8935154004699,116,216,5,20,0
3809433481.50210,59.1164922714233,0.985274871190389,0.0164212478531732,0.00228845594359907,160.825234662072,205.21642729824,220.221899184199,204.958702672957,0.263314959473673,0.431655024089485,0.347484991781579,205.087564985598,161.788115539835,133,240,5,21,0
3809433481.59804,59.2124364376068,0.98687394062678,0.0164478990104463,-4.12931641815266e-05,160.399679390801,189.754755632974,202.278778943605,189.210040044739,0.3605486297491,0.151115987050453,0.255832308399776,189.482397838857,149.477614971296,133,240,5,22,0
3809433481.73287,59.3472626209259,0.989121043682098,0.016485350728035,-8.12791583904952e-05,160.447525212976,91.9812681649144,97.3262332564455,91.8949862340967,0.109716785724291,0.0848044182659823,0.0972606019951364,91.9381271995056,72.5275388925415,109,207,5,23,0
3809433481.78144,59.395828962326,0.989930482705434,0.0164988413784239,-5.65124870876949e-05,160.4626749673,170.55694527378,182.685063714172,170.78399564987,0.436372260270932,0.430901756097551,0.433637008184241,170.670470461825,134.637386699943,129,233,5,24,0
3809433481.87692,59.4913101196289,0.991521835327148,0.0165253639221191,0.000137362083126054,160.492045135548,150.15964811504,158.369424353134,115.982207697573,0.0864048596562833,-0.0822345290806067,0.00208516528783828,133.070927906306,104.97610940288,234,339,5,25,0
3809433482.30004,59.9144380092621,0.998573966821035,0.0166428994470172,0.000196825924769204,160.471971145597,144.61293334914,155.520378036071,144.44007163712,0.332432564020964,0.209158053318621,0.270795308669793,144.52650249313,114.013106965157,127,230,5,26,0
3809433482.35922,59.9736151695251,0.999560252825419,0.0166593375470903,-8.6848519560647e-05,160.450469241148,190.562249103574,205.802061418177,190.380487256667,-0.209059376857664,0.0749433032096634,-0.0670580368240001,190.471368180121,150.257787322794,132,238,5,27,0
3809433482.67997,60.2943589687347,1.00490598281225,0.0167484330468708,3.41529538600749e-05,160.453515246611,180.334326376216,193.880750179048,179.852026910132,-0.265004876763557,0.308309603098092,0.0216523631672674,180.093176643174,142.070708542118,131,237,5,28,0
3809433483.14004,60.7544333934784,1.01257388989131,0.0168762314981884,-0.000126979840948558,160.414395946516,125.271220587004,132.786825015887,125.111798904312,0.237878255806425,0.309862792530198,0.273870524168311,125.191509745658,98.7602463599346,116,219,5,29,0
3809433483.18101,60.7953991889954,1.01325665314992,0.016887610885832,7.94091419004392e-05,160.441533142588,61.2082862352196,64.4337854040002,60.8350148182017,1.612478816229,1.42822897492201,1.5203538955755,61.0216505267106,48.1383542027043,115,214,5,30,0
3809433483.26172,60.8761167526245,1.01460194587708,0.0169100324312846,0.000322706824050828,160.473549835262,116.066064542581,123.555922138069,116.164210305279,0.223231644742284,0.115897669479456,0.16956465711087,116.11513742393,91.6001380716855,120,221,5,31,0
3809433483.37131,60.9857068061829,1.01642844676971,0.0169404741128286,-6.22686717769603e-05,160.436025171914,148.339756591181,158.325145743076,148.166386641036,-0.08169949004653,0.163626611372492,0.0409635606629809,148.253071616108,116.95289805331,122,225,5,32,0
3809433483.78324,61.3976333141327,1.02329388856888,0.0170548981428146,-0.000371736842772122,160.488110962913,108.776959724418,115.974159321823,108.707771507684,0.100762331990876,0.12787722257813,0.114319777284503,108.742365616051,85.7839548370474,114,215,5,35,0
3809433483.91201,61.526406288147,1.02544010480245,0.0170906684133742,1.05211663733106e-06,160.447015372455,166.940926770246,179.067560999733,166.755557670499,-0.0574166238689097,0.090172269210686,0.0163778226708882,166.848242220373,131.622132682025,126,232,5,36,0
3809433483.96390,61.5782909393311,1.02630484898885,0.0171050808164808,9.83215327358775e-05,160.450287633876,171.03167941475,180.744080972171,245.422460918837,-0.050480349825287,-23.9935813095152,-12.0220308296702,208.227070166793,164.264787526402,245,354,5,37,0
3809433484.17733,61.7917211055756,1.02986201842626,0.017164366973771,0.000558839993775846,160.561500520108,336.156683228017,365.872384111765,351.601367964929,-4.83166790982494,-4.77809237950478,-4.80488014466486,343.879025596473,271.27700077201,142,256,5,38,0
3809433484.23226,61.8466515541077,1.03077752590179,0.0171796254316966,0.000194555097049232,160.503052742461,124.15484182508,132.178284866246,123.803224145071,0.168655234636315,0.16277358198325,0.165714408309783,123.979032985075,97.8037557494764,118,219,5,39,0
3809433484.32956,61.9439554214478,1.03239925702413,0.0172066542837355,-0.000178251237708622,160.489538636337,105.436285841995,112.295557009983,105.41975369955,0.4460949759295,0.095755117677605,0.270925046803553,105.428019770772,83.1693557091453,114,214,5,41,0
3809433485.06753,62.6819262504578,1.04469877084096,0.0174116461806827,-0.000485679015856393,160.537980048364,195.321484111772,210.157358267332,195.322816378228,0.383553015887977,0.156273510312037,0.269913263100007,195.322150245,154.084440046602,133,241,5,44,0
3809433485.15915,62.7735452651978,1.04622575441996,0.0174370959069994,-0.000498092359493088,160.560079748246,197.975352188663,212.988924853279,197.454093494855,0.191441060572033,-0.00852495513894657,0.091458052716543,197.714722841759,155.971876819031,134,241,5,45,0
3809433485.31322,62.927618265152,1.04879363775253,0.0174798939625422,-0.000184427081210979,160.458863839792,165.549128988822,177.180143961446,165.375812019037,0.202106456974236,0.242719773794795,0.222413115384516,165.462470503929,130.528934298264,126,232,5,46,0
3809433485.50060,63.1149928569794,1.05191654761632,0.017531942460272,3.14590757261799e-07,160.454317990429,138.735819712426,148.984562215156,138.522968204514,0.16155184994285,0.11821287393341,0.13988236193813,138.62939395847,109.361035168296,124,228,5,47,0
3809433485.56219,63.17658162117,1.0529430270195,0.017549050450325,-7.41923390815453e-05,160.46425235481,164.792000075335,176.624289761395,164.574451577531,0.223276409867964,0.0370008580835255,0.130138633975745,164.683225826433,129.914208934855,127,232,5,48,0
3809433485.63255,63.2469439506531,1.05411573251088,0.0175685955418481,2.18588464542311e-05,160.453440692643,3.22348992702339,3.38209074418701,3.18719110339214,0.127604282293802,0.311060805410819,0.21933254385231,3.20534051520776,2.52860772741323,79,157,5,49,0
3809433485.76807,63.382462978363,1.05637438297272,0.017606239716212,8.58312580279726e-05,160.475474871737,128.866308629418,137.885566813914,128.401375554738,0.32686481583428,0.282685931331858,0.304775373583069,128.633842092078,101.475810628437,121,224,5,50,0
3809433486.20892,63.8233137130737,1.0637218952179,0.0177286982536316,-0.000139649456015836,160.477651675415,163.385507851026,174.939553591365,163.451091013621,0.177955661963915,-0.0427491967872997,0.0676032325883076,163.418299432323,128.916342206006,124,227,5,51,0
3809433486.27386,63.8882503509521,1.06480417251587,0.0177467362085978,0.000241836948710289,160.507299458415,106.011313315939,113.35652505927,105.746773786994,0.244847773192707,0.442046310848868,0.343447042020787,105.879043551466,83.5251563523839,116,218,5,52,0
3809433486.88803,64.5024268627167,1.07504044771194,0.0179173407951991,2.54720320656066e-05,160.497530230163,135.760008446571,145.155416471279,135.888324176468,0.295538419551757,0.135643515053309,0.215590967302533,135.82416631152,107.148065821801,124,227,5,55,0
3809433487.07981,64.6942012310028,1.07823668718338,0.0179706114530563,-0.000151870116944314,160.538103665327,177.830071329507,191.014923308591,177.683568560368,0.0792205187347431,-0.233161921183716,-0.0769707012244863,177.756819944937,140.227618994182,132,238,5,58,0
3809433487.12539,64.7397792339325,1.07899632056554,0.0179832720094257,1.03572169948686e-06,160.495151601036,127.892111285357,136.562474853297,127.848819299256,3.71585841557114e-05,-0.0262463407452862,-0.0131045910805652,127.870465292306,100.873603010972,120,223,5,59,0
3809433487.22733,64.841728925705,1.08069548209508,0.0180115913682514,2.84072950229404e-05,160.565165002903,133.377662836091,142.370901067951,133.087871373861,0.106022359353412,0.226782292144066,0.166402325748739,133.232767104976,105.103780034569,123,225,5,60,0
3809433487.30005,64.9144413471222,1.08190735578537,0.0180317892630895,-0.000155642223231586,160.546029258429,136.446491824361,146.275577911977,136.122311112405,0.474165118513724,0.432894937720185,0.453530028116955,136.284401468383,107.511133074266,122,225,5,61,0
3809433487.40607,65.0204677581787,1.08367446263631,0.0180612410439385,8.54888708354923e-06,160.510720172895,120.870284740608,129.210102424799,120.853694443403,0.224386879453347,0.0532356427512769,0.138811261102312,120.861989592006,95.344803269076,123,225,5,62,0
3809433487.46482,65.0792102813721,1.08465350468953,0.0180775584114922,-4.59650119512192e-05,160.522407853434,178.298781469234,190.88897624258,178.148072387636,-0.000203651998507625,0.0981592232299352,0.0489777856157138,178.223426928435,140.595712810905,129,236,5,63,0
3809433487.54995,65.1643450260162,1.08607241710027,0.0181012069516712,-0.000203981127264397,160.582204870726,165.197209814403,175.575569963249,164.879854003072,0.366092726938704,0.158233110739646,0.262162918839175,165.038531908738,130.194500436194,123,228,5,64,0
3809433487.67167,65.2860586643219,1.0881009777387,0.018135016295645,-0.000496462895743141,160.594789149947,199.009454294398,215.088473989246,199.165855934224,0.460628608602561,0.140359077000599,0.30049384280158,199.087655114311,157.054946507609,137,244,5,65,0
3809433487.90437,65.5187633037567,1.09197938839595,0.0181996564732658,0.000137496314641931,160.527666980711,132.268645857266,142.1584900352,132.310617235023,0.452332073203479,0.3156895100206,0.38401079161204,132.289631546145,104.359765521682,120,224,5,66,0
3809433488.05226,65.6666493415833,1.09444415569305,0.0182407359282176,-2.18392517912069e-05,160.543432160178,135.524844318969,145.090075445826,135.956336411132,0.25476094258741,0.193880747451895,0.224320845019653,135.740590365051,107.08213498448,120,221,5,67,0
3809433488.13803,65.7524211406708,1.09587368567785,0.0182645614279641,-5.51560932372655e-05,160.526860499243,150.88802505718,161.331425991709,150.816786839054,0.0341446216997639,-0.0265888832466168,0.00377786922657356,150.852405948117,119.003443649593,125,230,5,68,0
3809433488.28420,65.8985967636108,1.09830994606018,0.0183051657676697,-0.000197747983125228,160.543191261996,140.882837144058,150.242365574962,140.974506657818,0.384536321555307,0.472899030212416,0.428717675883862,140.928671900938,111.174874273755,124,227,5,69,0
3809433488.44962,66.0640091896057,1.10106681982676,0.0183511136637794,3.11223299717557e-05,160.554715276915,43.2624878064679,45.4633817356753,43.340008510387,-0.0218822859905052,-0.0343108733332173,-0.0280965796618613,43.3012481584274,34.1592009274997,116,216,5,70,0
3809433488.81180,66.4261918067932,1.10710319677989,0.0184517199463314,1.7489909739691e-05,160.487009905176,162.916887342508,174.551256011748,162.894618164886,0.00693273924929577,0.184916804106796,0.0959247716780458,162.905752753697,128.512007787842,130,237,5,71,0
3809433488.94639,66.5607862472534,1.10934643745422,0.0184891072909037,-8.16039551951784e-05,160.469582714949,153.234145855657,163.343568242625,153.404945038009,-0.257311264701768,-0.0846629249128332,-0.170987094807301,153.319545446833,120.949704264171,123,228,5,72,0
3809433489.14106,66.7554540634155,1.11259090105693,0.0185431816842821,-4.40251563428881e-05,160.456608073286,333.096794681984,352.737641895822,332.906197818721,-3.23251266691198,-3.69171087330699,-3.46211177010948,333.001496250353,262.696007698337,135,242,5,73,0
3809433489.26978,66.8841760158539,1.1147362669309,0.0185789377821816,0.00113657751764402,160.628956533217,117.351395454191,124.261869225921,116.829061265723,0.103778718400759,0.275045434179577,0.189412076290168,117.090228359957,92.3693613302036,117,220,5,74,0
3809433489.30721,66.9216039180756,1.11536006530126,0.0185893344216877,0.00343698443574144,161.037363037085,135.105259682622,144.746845111769,134.722387709736,0.774170237580696,0.689143810793521,0.731657024187109,134.913823696179,106.429920788279,133,240,5,75,0
3809433489.32671,66.9411084651947,1.11568514108658,0.018594752351443,0.000585622759211743,160.494184205814,85.4678812672948,91.4841545370466,84.8720135076025,0.561649749488312,0.374409790995005,0.468029770241658,85.1699473874486,67.1883021742922,109,207,5,76,0
3809433489.65928,67.2736775875092,1.12122795979182,0.018687132663197,2.39707385409581e-05,160.457915321239,117.107639964743,124.121756173213,116.971037362781,-0.00493734256501373,-0.034034878363126,-0.0194861104640699,117.039338663762,92.3292158048111,116,218,5,81,0
3809433489.99405,67.6084461212158,1.1268074353536,0.01878012392256,7.60039415504474e-05,160.458909558996,214.863256971408,231.50957443185,214.636213188367,-0.0368762394578095,0.106372494975626,0.0347481277589083,214.749735079887,169.410344082507,136,244,5,82,0
3809433490.30205,67.9164423942566,1.13194070657094,0.0188656784428491,-0.000262024572815466,160.498230636003,164.320597741202,176.294087956076,164.391317563045,0.0330718432525868,-0.00570018604705093,0.013685828602768,164.355957652124,129.656035792073,128,234,5,83,0
3809433490.36277,67.9771628379822,1.13295271396637,0.0188825452327728,0.000178643056159613,160.474563949477,141.185909648516,152.638003145489,141.022680546573,0.00848202455980605,-0.0432416765816922,-0.0173798260109431,141.104295097544,111.313418734147,122,227,5,84,0
3809433490.54263,68.1570250988007,1.13595041831334,0.0189325069718891,0.000181380879730076,160.499876109453,235.181905914976,252.346426008718,234.986568303274,0.33042637972037,-0.0757729302939913,0.127326724713189,235.084237109125,185.451690928583,146,257,5,85,0
3809433490.78983,68.404219865799,1.14007033109665,0.0190011721849442,-2.37552082353849e-05,160.473798048758,125.272544086373,133.97857972121,125.331982034188,0.246882477582462,-0.115706978545039,0.0655877495187119,125.302263060281,98.8476166988623,118,220,5,87,0
3809433491.04092,68.6553101539612,1.14425516923269,0.0190709194872114,5.04366388068596e-05,160.486959964218,90.4112288610461,96.6927297023838,90.3204673338986,0.224343137719337,0.198243968392734,0.211293553056035,90.3658480974723,71.2872098017042,113,213,5,88,0
3809433491.09189,68.7062814235687,1.14510469039281,0.0190850781732135,-4.88280074222498e-05,160.479359785649,167.527799518645,180.112944225161,167.345163481315,0.296294174322098,0.451551289102031,0.373922731712065,167.43648149998,132.086178976304,129,236,5,89,0
3809433491.28004,68.8944344520569,1.14824057420095,0.0191373429033491,3.14872082995713e-05,160.484823842182,54.5790282472562,58.40014045861,54.3687718197153,-0.23657239465258,0.0956008026717458,-0.0704857959904172,54.4739000334857,42.9730083008293,129,234,5,90,0
3809433491.39313,69.0075278282166,1.15012546380361,0.0191687577300602,2.58521481142767e-05,160.472533330411,159.641645591338,172.051908094121,159.531449981094,0.241072291389314,0.076097371067394,0.158584831228354,159.586547786216,125.893575427904,127,232,5,91,0
3809433491.50239,69.1167845726013,1.15194640954336,0.0191991068257226,-0.000108283057263198,160.478089057208,128.238716681826,136.924270335536,128.309798797881,0.410191068198862,0.181427640409406,0.295809354304134,128.274257739853,101.192144113951,117,221,5,92,0
3809433491.85497,69.4693684577942,1.1578228076299,0.0192970467938317,-0.000237434916399012,160.490794755617,15.4846922018314,15.6146461337341,15.3353037840766,-0.0172218370833827,0.0619794007208634,0.0223787818187404,15.409997992954,12.156536823321,86,175,5,93,0
3809433492.06090,69.6752901077271,1.16125483512878,0.0193542472521464,-0.00010519143819698,160.463712164799,168.362369834396,180.88514372,168.19439240826,0.620951873836222,0.498110577438984,0.559531225637603,168.278381121328,132.750331155502,130,235,5,94,0
3809433492.09565,69.7100472450256,1.16183412075043,0.0193639020125071,0.000172836448060868,160.358407833178,161.776383600287,380.673973350629,215.893348450074,-115.451810693507,-27.5103866120917,-71.4810986527992,188.834866025181,148.966794376716,185,291,5,95,0
3809433492.38514,69.9995296001434,1.16665882666906,0.0194443137778176,-5.36411973318122e-05,160.487099091268,133.83797335772,143.182298608546,133.849754529665,0.35309097650194,0.121289245428512,0.237190110965226,133.843863943692,105.585858048198,124,227,5,96,0
3809433492.54558,70.1599760055542,1.1693329334259,0.0194888822237651,0.000725185489270005,160.598410723943,128.113749468068,137.388667446322,128.22626584231,0.379880432149612,0.242160563433332,0.311020497791472,128.170007655189,101.109903999862,120,223,5,97,0
3809433492.60500,70.2193973064423,1.1703232884407,0.0195053881406784,-4.53811563642042e-05,160.440281697053,212.025676431207,228.490055964555,212.027638359396,-0.0382806509034933,0.1684350241399,0.0650771866182033,212.026657395302,167.262180652468,137,246,5,98,0
3809433492.75741,70.3718023300171,1.17286337216695,0.0195477228694492,7.69992181128077e-05,160.421081171131,127.323618451998,134.880987824751,127.141930024586,0.219622519821245,0.444503391656677,0.332062955738961,127.232774238292,100.370545529486,122,226,5,99,0
3809433492.80164,70.4160342216492,1.17360057036082,0.0195600095060137,0.000219525289111179,160.460960443069,140.315968830614,152.56750975682,142.619988251942,0.28523919999899,-1.42968422362456,-0.572222511812785,141.467978541278,111.600318912706,124,226,5,100,0
3809433492.99763,70.6120262145996,1.17686710357666,0.0196144517262777,4.32687762810356e-05,160.481799337269,114.760984980991,238.445914899843,132.814500405566,-19.6870006307553,-8.59886727713608,-14.1429339539457,123.787742693279,97.6528519351323,174,275,5,101,0
3809433493.06058,70.6749691963196,1.17791615327199,0.0196319358878666,-2.13039274872848e-05,160.443958200707,120.417136974975,128.157769166642,120.233958918443,0.182202039810016,0.160796570431488,0.171499305120752,120.325547946709,94.9216187483772,116,218,5,102,0
3809433493.10168,70.7160756587982,1.17860126097997,0.0196433543496662,-0.000366194334453176,160.478894648582,128.545028984021,136.972446097656,128.268892032444,0.00201212848239097,0.27241786597257,0.137214997227481,128.406960508233,101.296829792112,118,221,5,103,0
3809433493.25282,70.8672182559967,1.18112030426661,0.0196853384044435,3.79897418743394e-05,160.478071268378,154.370342483343,162.518891373355,182.263036203878,0.254125952694714,-24.7221678660015,-12.2340209566534,168.31668934361,132.780551491353,223,329,5,104,0
3809433493.47768,71.0920729637146,1.18486788272858,0.0197477980454763,-0.000104939924954985,160.47142171293,115.700143365814,123.477365413195,115.690344520095,0.765606991039739,0.703445085671474,0.734526038355606,115.695243942954,91.2688952924399,115,216,5,105,0
3809433493.55361,71.168000459671,1.18613334099452,0.0197688890165753,0.018946309189674,163.538847502519,136.529650368095,145.498657149553,134.900892264738,2.99823076960149,3.86850718636294,3.43336897798221,135.715271316416,107.062161461629,123,227,5,106,0
3809433493.61515,71.2295408248901,1.18715901374817,0.0197859835624695,2.69288360177662e-05,160.450975571406,113.680691880737,121.155918357831,113.776371160621,0.696799584016561,0.432943944096842,0.564871764056701,113.728531520679,89.7174082647836,115,215,5,107,0
3809433494.01251,71.6269052028656,1.19378175338109,0.0198963625563516,-6.42557994235789e-05,160.540769504776,191.392524830886,206.448289973293,191.250507032093,-0.0143614812228626,0.0135791561891884,-0.000391162516837076,191.321515931489,150.928446231997,132,237,5,108,0
3809433494.22048,71.8348717689514,1.19724786281586,0.0199541310469309,-4.3796478112575e-05,160.448405404361,201.128899224422,216.371029325783,200.869246101868,0.2022023473286,0.107214394602994,0.154708370965797,200.999072663145,158.562812882917,134,240,5,109,0
3809433494.47143,72.0858232975006,1.20143038829168,0.0200238398048613,-0.000620311830390714,160.570557889032,326.431459756149,367.327652155954,354.746928536534,-41.2523905308589,-16.8494560952464,-29.0509233130526,340.589194146341,268.681740397263,140,248,5,110,0
3809433494.88301,72.4973998069763,1.20828999678294,0.020138166613049,-6.22993484814831e-06,160.434602729818,126.481115164921,134.146965941746,126.32798656914,0.0325944812017563,0.0371649634068979,0.0348797223043271,126.40455086703,99.7171821795831,114,214,5,113,0
3809433495.08995,72.7043485641479,1.2117391427358,0.02019565237893,1.63563846977505e-05,160.458327136651,180.967396759586,194.710578016506,180.961527654261,0.231905448490775,0.187361279347216,0.209633363918996,180.964462206923,142.7580425083,130,237,5,114,0
3809433495.13382,72.748218536377,1.21247030893962,0.0202078384823269,-6.99323729370134e-05,160.469124215823,59.5908406830484,61.5943148004048,59.5673325417319,-0.0334396468432528,-0.351098134251739,-0.192268890547496,59.5790866123901,47.0003539672435,128,233,5,115,0
3809433495.36922,72.9836089611053,1.21639348268509,0.0202732247114182,-8.00458752198888e-05,160.426569256203,119.00166924614,127.234128124604,118.643277738303,-0.0232895826415684,0.189872130571402,0.0832912739649166,118.822473492221,93.7358833600585,122,224,5,116,0
3809433495.54324,73.1576292514801,1.219293820858,0.0203215636809667,0.000362349346084347,160.498859075412,155.36110345061,166.21290157092,155.162489014901,0.364712040795926,0.231710011832862,0.298211026314394,155.261796232756,122.481894158679,127,232,5,117,0
3809433495.57890,73.1932933330536,1.21988822221756,0.0203314703702927,-4.51022180133381e-05,160.442838716417,102.86697403459,109.036416409723,102.966043917362,0.192817810510738,0.227044069618476,0.209930940064607,102.916508975976,81.1880917613456,119,221,5,118,0
3809433495.66594,73.2803328037262,1.2213388800621,0.0203556480010351,0.00104988627813556,160.581360234695,147.65207469182,157.909036463518,147.355212038523,0.12105868161056,0.566072936801718,0.343565809206139,147.503643365172,116.361694074366,122,224,5,119,0
3809433495.78491,73.3993082046509,1.22332180341085,0.0203886967235141,-0.00415757564492516,159.711835618836,152.649399296262,164.742915150304,153.182830550885,-0.304117293262031,-0.419579604172384,-0.361848448717208,152.916114923573,120.631448673619,130,234,5,120,0
3809433495.88076,73.4951500892639,1.2249191681544,0.02041531946924,-8.27238253538395e-05,160.442909939669,190.986465711207,205.387175445301,190.928762303463,-0.133787079062377,0.324732150848393,0.0954725358930082,190.957614007335,150.641373700055,132,237,5,121,0
3809433495.99456,73.6089508533478,1.2268158475558,0.0204469307925966,0.000114046315213787,160.430461194563,169.319243364722,182.267512891087,169.201022670738,0.215144214584233,0.00362114498387058,0.109382679784052,169.26013301773,133.524809068181,126,230,5,122,0
3809433496.05417,73.668568611145,1.22780947685242,0.0204634912808736,-8.44344735164788e-05,160.429940568406,121.717085672062,130.859930462444,121.649767798325,0.226795249560091,0.0204792332249412,0.123637241392516,121.683426735194,95.992813144468,118,218,5,123,0
3809433496.25488,73.8692772388458,1.23115462064743,0.0205192436774572,-9.11251823596065e-07,160.447638912728,126.4568990618,135.06686857289,126.24776036246,0.357291066437209,0.45311790536522,0.405204485901214,126.35232971213,99.6759863018943,116,217,5,125,0
3809433496.60667,74.2210631370544,1.23701771895091,0.0206169619825151,-7.31415708157536e-05,160.44258673198,123.947700492894,132.389442466592,124.029920654895,0.188614014547151,0.173799503467823,0.181206759007487,123.988810573894,97.8114690287757,118,219,5,127,0
3809433496.77110,74.3854887485504,1.23975814580917,0.0206626357634862,-0.000553445728696472,160.510925054533,3.3123306873525,2.91537449314429,3.15501264093231,0.144455346871474,0.126680518411783,0.135567932641628,3.2336716641424,2.55095741593547,80,154,5,128,0
3809433496.87829,74.4926812648773,1.24154468774796,0.0206924114624659,-0.000164226657737415,160.406350140846,9.84774761480971,10.7750025140894,9.91277749029774,-0.16968201059474,-0.237745801377469,-0.203713905986105,9.88026255255372,7.79427587200966,90,179,5,129,0
3809433497.29107,74.9054636955261,1.24842439492544,0.0208070732487573,-0.025394504955908,164.955554269493,123.246485458809,115.313192132894,108.635540469188,-10.3509799731502,4.10423536199836,-3.12337230557593,115.941012963998,91.4627759247228,113,197,5,130,0
3809433497.47068,75.0850706100464,1.25141784350077,0.0208569640583462,0.00174966523108425,160.755569095827,93.8993251314818,98.0854557961091,94.1069009460946,0.491481743691058,0.517620065015413,0.504550904353235,94.0031130387882,74.1565512004181,110,210,5,132,0
3809433497.69481,75.3092021942139,1.25515336990356,0.0209192228317261,-6.69046319937458e-05,160.418918443811,123.750280132891,131.926866901113,123.485119655168,0.264363225447881,0.465746039383278,0.36505463241558,123.617699894029,97.5187097015281,121,225,5,133,0
3809433497.76859,75.3829836845398,1.256383061409,0.0209397176901499,1.21150735089135e-06,160.412031153374,141.220757316364,151.965570358142,141.130950800219,0.143753702727762,0.00556190354387522,0.0746578031358188,141.175854058291,111.36986969162,122,226,5,134,0
3809433497.85116,75.4655523300171,1.25775920550028,0.0209626534250047,6.4255226265463e-05,160.420484096608,152.643966691519,163.699207326386,152.741704175072,0.100672348050446,-0.0770200315721421,0.0118261582391518,152.692835433295,120.455309432933,124,226,5,135,0
3809433498.17219,75.7865812778473,1.26310968796412,0.0210518281327354,2.1970314806182e-05,160.475913065358,203.566961325161,212.78678646869,203.142810318728,-2.92468960721663,-7.08316759663761,-5.00392860192712,203.354885821945,160.421251114181,131,239,5,140,0
3809433498.51067,76.125066280365,1.26875110467275,0.0211458517445458,0.000267602859427744,160.474173202843,150.699413402971,161.180720651935,150.820936306457,-0.207215974524005,0.143227984143486,-0.0319939951902592,150.760174854714,118.930684997469,125,229,5,141,0
3809433498.91025,76.5246448516846,1.27541074752808,0.0212568457921346,-4.6368035600908e-05,160.441915273958,115.06273194098,123.118162835952,115.035722111904,0.204454753061484,0.0469175351896307,0.125686144125557,115.049227026442,90.7592697598694,118,220,5,142,0
3809433499.19765,76.8120415210724,1.28020069201787,0.0213366782002979,0.00017528518855753,160.443822705317,155.0247632046,166.103997411843,155.07078743304,0.256255869320626,-0.0958260264832526,0.0802149214186865,155.04777531882,122.313058762178,127,231,5,143,0
3809433499.54586,77.1602554321289,1.28600425720215,0.0214334042867025,1.91841747277196e-05,160.435696435582,440.362425300123,443.130508784107,439.754148512902,-9.67117221957698,-10.7467087259946,-10.2089404727858,440.058286906513,347.150257361006,138,248,5,144,0
3809433499.69159,77.3059794902802,1.28843299150467,0.0214738831917445,0.000691072618656624,160.505571240169,4.34058566208293,4.48209245936166,4.16587760210392,0.222030162072719,0.0523002652785558,0.137165213675637,4.25323163209343,3.3552611088787,107,187,5,145,0
3809433500.23513,77.8495244979858,1.29749207496643,0.0216248679161072,0.000125590957055135,160.414670386959,219.09752766358,233.979377783853,218.930844129572,-1.06836523649611,-0.690877293643454,-0.879621265069783,219.014185896576,172.774455707182,141,251,5,147,0
3809433500.31170,77.9260902404785,1.29876817067464,0.0216461361779107,-9.18363717046246e-05,160.418315447871,135.978044732537,146.067139648534,136.192772283679,0.282638383356253,0.482412668960972,0.382525526158613,136.085408508108,107.354152829995,123,225,5,148,0
3809433500.35065,77.9650452136993,1.29941742022832,0.0216569570038054,-0.000190459377926235,160.420197374671,197.198330282486,212.850488018879,198.14282537528,1.32238260335028,1.11048504526997,1.21643382431013,197.670577828883,155.9370519946,132,239,5,149,0
3809433500.82877,78.443160533905,1.30738600889842,0.0217897668149736,6.50394556877805e-05,160.314929661654,122.47069985471,130.509836493651,122.337119874104,0.199345722583687,0.0656722979959497,0.132509010289819,122.403909864407,96.5611830881157,117,220,5,150,0
3809433500.96428,78.5786716938019,1.30964452823003,0.0218274088038339,-0.00010249412379376,160.290633818645,176.974215586068,190.084140011426,176.696837481612,0.0970820344345882,-0.134118557718036,-0.018518261641724,176.83552653384,139.500835169667,134,242,5,151,0
3809433501.10501,78.7193989753723,1.31198998292287,0.0218664997153812,0.000525460675976069,160.341024616195,133.730946894144,142.578226290295,133.447268950218,0.382024876692162,0.301055348843674,0.341540112767918,133.589107922181,105.384887810701,122,226,5,152,0
3809433501.17926,78.7936506271362,1.31322751045227,0.0218871251742045,-5.03090235045595e-05,160.29545622963,104.440653973077,267.394501432084,159.548559858068,-45.7130812977492,-59.044379618166,-52.3787304579576,131.994606915572,104.127028451439,172,273,5,153,0
3809433501.48083,79.0952188968658,1.3182536482811,0.0219708941380183,0.0351839654528233,212.255187877556,134.768260177369,160.622216284134,160.622216284134,50.5415395530062,0,25.2707697765031,147.695238230752,116.512838158853,122,124,5,156,0
3809433501.57698,79.1913714408875,1.31985619068146,0.0219976031780243,-4.83563031879979e-05,160.315837886448,168.062051542947,179.097102288258,167.419358404559,0.315830952861728,0.0791808810169622,0.197505916939345,167.740704973753,132.326172768849,133,238,5,157,0
3809433501.66700,79.2813897132874,1.32135649522146,0.0220226082536909,0.00013821171670465,160.326005448368,150.118979369879,161.326915570878,150.257984855549,0.298574167618109,0.136575540370994,0.217574853994551,150.188482112714,118.479691825833,125,230,5,158,0
3809433501.76161,79.375999212265,1.32293332020442,0.0220488886700736,1.61860871925396e-05,160.276834579899,129.986711856465,300.779407615413,214.715053705273,0.403302128681157,-50.1415840291228,-24.8691409502208,172.350882780869,135.963019204513,210,315,5,159,0
3809433502.22746,79.8418538570404,1.33069756428401,0.0221782927380668,3.43923969531664e-05,160.160836939319,170.119211584198,183.441886772804,170.172510434811,0.694560470408182,0.573497469476467,0.634028969942325,170.145861009505,134.223536281019,129,235,5,160,0
3809433502.60092,80.2153108119965,1.33692184686661,0.0222820307811101,-0.000265041497640836,160.012561148104,162.992548635327,174.946905743707,162.737038772488,0.132183144818583,0.00902684618993208,0.0706049955042576,162.864793703907,128.479696284801,126,230,5,163,0
3809433503.37357,80.9879674911499,1.34979945818583,0.0224966576364305,-0.000368265961194152,157.620058029582,219.334069419331,236.835900839913,219.213871753809,0.21240796177312,0.120082230967549,0.166245096370335,219.27397058657,172.979392927258,177,299,5,164,0
3809433503.60198,81.2163708209991,1.35360618034999,0.0225601030058331,-0.000292676764178214,156.836599409353,419.817161875608,439.035593398387,419.365468658353,-4.03150895948605,-4.45759211898301,-4.24455053923453,419.591315266981,331.004408768969,185,311,5,166,0
3809433503.79967,81.4140596389771,1.35690099398295,0.0226150165663825,-0.000239799840532262,155.870538667647,135.129457988203,144.551533763819,135.052137744857,0.267933914358359,0.334515376977873,0.301224645668116,135.09079786653,106.569530995862,154,269,5,167,0
3809433504.20332,81.8177182674408,1.36362863779068,0.022727143963178,-0.00172526141982696,151.061884422314,103.428967318596,110.236717281495,103.27758534068,0.583732918846016,0.213089462162536,0.398411190504276,103.353276329638,81.532645889155,143,252,5,169,0
3809433504.62261,82.2370064258575,1.37061677376429,0.0228436128960715,-5.15513243132609e-06,160.266718467472,119.802694382581,129.434890924069,119.576371779839,0.436163288198563,0.429827702626497,0.43299549541253,119.68953308121,94.4198835673506,159,273,5,170,0
3809433504.76106,82.375453710556,1.37292422850927,0.0228820704751545,-4.08573956007556e-05,160.24331436464,118.660447932353,127.016468097651,118.58301337935,0.365525343694939,0.2330951925151,0.299310268105019,118.621730655851,93.5775226851599,158,274,5,171,0
3809433504.80252,82.4169101715088,1.37361516952515,0.0228935861587524,2.45206067264e-05,160.236571477561,133.911342990822,145.491989645309,133.9221407538,0.153688142605861,0.349803635620855,0.251745889113358,133.916741872311,105.643349504282,169,286,5,172,0
3809433506.26332,83.8777163028717,1.39796193838119,0.0232993656396866,0.000220020995640556,160.586137911156,125.280894772745,134.036137305487,125.047109602754,0.448469546275911,0.27968039484592,0.364074970560916,125.164002187749,98.7385463804288,153,263,5,174,0
3809433506.52129,84.1356806755066,1.40226134459178,0.0233710224098629,-6.13697075976422e-05,160.526416469884,170.762450433163,184.893982801975,170.58993884516,0.358872435368347,0.121786929243721,0.240329682306034,170.676194639161,134.641902350925,165,282,5,175,0
3809433506.58797,84.2023584842682,1.40337264140447,0.0233895440234078,-0.00014611741030917,160.488240990951,96.4903516254518,103.954144533986,96.26985243768,0.296695558205162,0.427314718849076,0.362005138527119,96.3801020315659,76.0316944828859,139,247,5,176,0
3809433506.77662,84.3910129070282,1.4065168817838,0.0234419480297301,-0.000197131505335861,160.215254319119,187.637869556376,164.319286306084,164.319286306084,-31.9436575516259,0,-15.971828775813,175.97857793123,138.824811250126,175,298,5,177,0
3809433506.95520,84.5695888996124,1.40949314832687,0.0234915524721146,-0.000208085273117486,159.853976871953,154.698066225359,165.881618791378,154.965221542404,0.177660268737482,-0.109127879143437,0.0342661947970226,154.831643883882,122.142558431892,160,276,5,178,0
3809433507.71884,85.3332290649414,1.42222048441569,0.0237036747402615,-4.52323315244525e-05,159.689482516673,164.981087046533,178.723043898202,164.994859915548,0.382864542725045,0.226648601682677,0.304756572203861,164.987973481041,130.154616239694,158,273,5,179,0
3809433508.22017,85.8345680236816,1.43057613372803,0.0238429355621338,2.50625511680612e-05,159.837617799961,106.682384836243,113.878917562711,106.625136284063,0.201374110964843,0.0979138485853342,0.149643979775089,106.653760560153,84.1363099585077,140,250,5,180,0
3809433509.62626,87.2406582832336,1.45401097138723,0.0242335161897871,-3.71133680875482e-05,160.034547548401,126.054316636812,135.439305610284,125.876403173321,0.406867315039317,0.143673966176929,0.275270640608123,125.965359905067,99.3707161317599,150,261,5,181,0
3809433509.82884,87.4432308673859,1.4573871811231,0.0242897863520516,-3.59384626602897e-05,160.071495261542,233.377967073156,252.126221522112,233.285216187181,0.147852063792044,-0.0177642864036866,0.0650438886941789,233.331591630169,184.069075608783,175,294,5,183,0
3809433510.01454,87.6289370059967,1.46048228343328,0.0243413713905546,-2.07783533480412e-05,160.07836264568,142.425533278774,153.331141714025,142.337842700407,0.158841165672246,0.0808222485793745,0.11983170712581,142.381687989591,112.321119951052,153,266,5,186,0
3809433510.34692,87.9613120555878,1.46602186759313,0.0244336977932188,-1.34412756440253e-05,160.071992809945,134.586133979941,144.64664040225,134.475031699877,0.203020237216581,0.224877894011805,0.213949065614193,134.530582839909,106.127592288069,149,260,5,188,0
3809433510.46626,88.0806555747986,1.46801092624664,0.0244668487707774,-2.14644270433718e-05,160.121932794733,123.66367510557,131.999120116858,123.742642828814,0.377648002555048,0.501749411709241,0.439698707132144,123.703158967192,97.5861260873227,144,255,5,189,0
3809433510.56069,88.1750841140747,1.46958473523458,0.0244930789205763,0.000329168588791407,160.128560196322,105.931245790774,117.336122082521,106.490737449642,-1.8607948125695,0.2044542709694,-0.828170270800048,106.210991620208,83.7870213391887,142,251,5,191,0
3809433510.82230,88.4366900920868,1.47394483486811,0.0245657472478019,8.49218078615767e-05,160.169037731701,241.376859394556,260.770336518816,241.339728432807,0.310731840964077,0.332286068878838,0.321508954921457,241.358293913682,190.401127171929,179,299,5,193,0
3809433511.16863,88.7830259799957,1.4797170996666,0.0246619516611099,-0.000649928483122124,160.574882886383,171.045691428247,184.460946004998,171.146162294668,0.168154801182644,-0.323678529442849,-0.0777618641301027,171.095926861457,134.973017917495,146,258,5,194,0
3809433511.32109,88.935487985611,1.48225813309352,0.0247043022182253,-8.57508205866342e-05,160.447277448328,167.788299267807,180.400760366121,167.822098545395,0.257751881896372,0.2228078706748,0.240279876285586,167.805198906601,132.377050314057,147,259,5,195,0
3809433512.28822,89.9026141166687,1.49837690194448,0.0249729483657413,9.47553560993441e-06,160.507571398656,198.660129255778,214.4314192098,198.646055494667,0.5997171951875,0.366747812114733,0.483232503651117,198.653092375222,156.712131541495,149,261,5,197,0
3809433512.51630,90.1306920051575,1.50217820008596,0.025036303334766,-0.000172485836702814,160.31232386656,185.454030742091,199.838498148168,185.181531204085,-0.0250274576600057,0.0452972459138989,0.0101348941269466,185.317780973088,146.192259690465,148,259,5,198,0
3809433512.68702,90.3014109134674,1.50502351522446,0.0250837252537409,0.000244134179853831,160.462843021963,6.78105709469703,7.84583218093152,7.0510952082511,-0.0248845980486737,0.00200770262069158,-0.011438447713991,6.91607615147406,5.45590819977581,121,204,5,199,0
3809433512.96488,90.5792696475983,1.50965449412664,0.025160908235444,-0.000265881814844532,160.398361552908,248.094886843181,409.228930614541,169.144933687257,-50.76065520883,-98.0690239634028,-74.4148395861164,208.619910265219,164.57468861298,191,297,5,200,0
3809433513.20046,90.8148510456085,1.51358085076014,0.025226347512669,0.000152378883253896,160.276124353392,340.436481291651,351.642587723441,338.839585180188,-6.14985756097001,-7.33215773780131,-6.74100764938566,339.63803323592,267.931394898339,155,269,5,201,0
3809433513.22795,90.8423457145691,1.51403909524282,0.0252339849207136,-0.000353375321073682,160.409841419811,127.020395738559,136.132174759534,127.058256046473,0.427914227055843,0.392613268888455,0.410263747972149,127.039325892516,100.217939283858,127,233,5,203,0
3809433513.32486,90.9392580986023,1.51565430164337,0.0252609050273895,0.000128626887790456,160.469559956091,186.112099692488,200.622490452981,185.7596661279,0.2918620188825,0.208774364889416,0.250318191885958,185.935882910194,146.679863839565,143,253,5,204,0
3809433513.53554,91.1499321460724,1.51916553576787,0.0253194255961312,5.87503165065306e-06,160.404421457075,127.570736257546,137.199195398156,127.37301534856,0.250618777447409,0.0089183196046528,0.129768548526031,127.471875803053,100.559166383159,130,234,5,205,0
3809433513.63124,91.2456364631653,1.52076060771942,0.025346010128657,-0.000116953533490495,160.32956064273,182.028745786374,196.71484564709,181.988713918479,0.161270906419899,0.00552820450405847,0.0833995554619785,182.008729852427,143.581837429738,140,250,5,207,0
3809433513.85219,91.4665796756744,1.52444299459457,0.0254073832432429,7.91158082592514e-05,160.516730020412,167.577302675735,179.899499754691,167.352534190912,0.0989287559297906,-0.0442086761261217,0.0273600399018345,167.464918433324,132.108612115328,137,246,5,209,0
3809433514.12652,91.7409112453461,1.52901518742243,0.0254835864570406,-2.77542932797394e-05,160.351448839475,112.439864471543,120.759329172556,112.607333043838,0.372349521922734,-0.0274953851879763,0.172427068367379,112.52359875769,88.7668689130205,127,233,5,210,0
3809433515.19554,92.809930562973,1.54683217604955,0.0257805362674925,-0.00259052114726079,161.541233370292,246.957825789847,246.276849643249,334.344519370972,-20.3484176220003,-89.2516203376124,-54.8000189798063,290.651172580409,229.286965762794,239,353,5,211,0
3809433515.56173,93.1761245727539,1.5529354095459,0.025882256825765,-3.605958624371e-06,160.506806546172,30.7473809683191,32.5556831564007,30.5982179670875,0.0836273130210399,-0.0220155311154183,0.0308058909528108,30.6727994677033,24.1969542354235,119,221,5,212,0
3809433515.73348,93.3478770256042,1.55579795042674,0.0259299658404456,-0.000641102093756656,160.407534857939,132.865071501256,142.020738300286,132.808983127898,0.329724217953222,0.208827238964129,0.269275728458676,132.837027314577,104.791591458254,126,230,5,213,0
3809433516.22227,93.8366670608521,1.5639444510142,0.0260657408502367,-4.59725496449687e-05,160.36977826625,130.997007042893,139.954004357761,131.124645523196,0.156394704089727,0.0524339106737463,0.104414307381737,131.060826283045,103.390393790654,137,244,5,214,0
3809433516.86656,94.4809508323669,1.57468251387278,0.0262447085645464,-2.4746187629954e-05,160.404811151961,218.693330600784,401.326434056026,217.959052149117,-38.3296977188672,-82.0579019578555,-60.1937998383614,218.326191374951,172.231715160414,229,342,5,215,0
3809433517.62715,95.2415463924408,1.58735910654068,0.0264559851090113,0.000103851869484187,160.498673401125,181.790738306672,195.774943135941,181.422289625819,0.357990282039954,0.236222359922685,0.29710632098132,181.606513966245,143.264540034013,137,247,5,216,0
3809433517.88500,95.4993989467621,1.5916566491127,0.026527610818545,0.000140204149528231,160.422196777147,208.769602950027,224.446555310192,208.476364854626,-0.070618092551905,-0.13370100736422,-0.102159549958062,208.622983902326,164.577113323398,148,258,5,217,0
3809433518.60442,96.2188098430634,1.60364683071772,0.0267274471786287,0.00153025797289555,160.679786795943,146.417480987492,156.251931064367,146.283941549053,0.439935201837632,0.440393751920312,0.440164476878972,146.350711268273,115.452176662544,131,238,5,221,0
3809433518.97832,96.5927181243896,1.60987863540649,0.0268313105901082,8.84838145021899e-05,160.420698812951,3.57024997367137,3.40762250013918,3.50731474212875,0.0758811727032433,-0.0340473861301322,0.0209168932865556,3.53878235790006,2.79165111268676,99,182,5,222,0
3809433521.98120,99.595596075058,1.65992660125097,0.0276654433541828,6.0461736721313e-06,160.45302766712,4.222000919674,4.87947567950646,4.26554910634329,-0.137854796686345,-0.0171904653278939,-0.0775226310071194,4.24377501300865,3.3478010340506,114,195,5,223,0
3809433522.30986,99.9242582321167,1.66540430386861,0.0277567383978102,0.000356412311574104,160.518379677445,94.1409507483105,100.589858838419,94.1890282916714,0.301320645187183,0.268215924341031,0.284768284764107,94.1649895199909,74.2842512433039,114,214,5,224,0
3809433523.84899,101.46338057518,1.69105634291967,0.0281842723819945,0.000117566856265132,160.486388858941,131.536720192488,140.372696789725,131.602251407441,0.497062796833327,0.341826029086144,0.419444412959735,131.569485799964,103.79166173052,131,236,5,227,0
3809433524.38992,102.004313707352,1.70007189512253,0.0283345315853755,4.67286382637868e-05,160.52056144762,126.419667907464,239.955054507557,205.614802095136,-2.88243598951318,-0.18282294809269,-1.53262946880293,166.0172350013,130.966573228759,211,321,5,228,0
3809433524.66405,102.278447628021,1.70464079380035,0.0284106798966726,4.28277040423214e-05,160.448758253585,225.992338901575,244.009501350011,225.917819669278,0.651653480620496,0.406701476090927,0.529177478355712,225.955079285426,178.249941564278,151,263,5,230,0
3809433524.84740,102.461790323257,1.70769650538762,0.0284616084231271,9.20825396841944e-06,160.502724548172,132.64836175924,232.479119664273,167.591818000897,-4.1469230074388,-0.111022064192612,-2.12897253581571,150.120089880068,118.425739015783,197,303,5,231,0
3809433525.57252,103.186913728714,1.71978189547857,0.0286630315913094,3.07859893458772e-05,160.446216216766,272.529592497552,293.747548291767,272.179233768774,0.24345657294118,-0.194957928866232,0.0242493220374742,272.354413133163,214.853139744802,161,275,5,232,0
3809433525.64029,103.254688024521,1.72091146707535,0.0286818577845891,-5.96787296805167e-05,160.467243372458,11.0216146815361,11.0558348334586,11.0845600752391,0.0523152814695752,-0.0642888176637208,-0.00598676809707276,11.0530873783876,8.71948612765499,92,173,5,233,0
3809433525.85756,103.471955776215,1.72453259627024,0.0287422099378374,0.00034955213049297,160.548826999946,131.928325412553,141.526363123642,132.236634401129,0.217959439222153,0.376808132178258,0.297383785700206,132.082479906841,104.196349112909,128,233,5,234,0
3809433526.40732,104.021714448929,1.73369524081548,0.028894920680258,7.10278804934453e-05,160.508336625536,115.586860734885,123.65980888518,115.846840691283,0.231438934032937,0.1998490863138,0.215644010173369,115.716850713084,91.2859402976914,124,229,5,235,0
3809433526.97981,104.594202518463,1.74323670864105,0.0290539451440175,-0.000662380291126952,160.725074677945,210.390075505436,226.417016939993,210.211616653267,0.468538986472192,0.534411865392773,0.501475425932483,210.300846079351,165.900734088877,145,255,5,237,0
3809433527.58592,105.200313806534,1.75333856344223,0.0292223093907038,-4.12112237906577e-05,160.489496751926,185.656486551676,198.858329144397,185.637063955127,0.131954033628949,-0.0690344743434238,0.0314597796427625,185.646775253401,146.451794512281,140,249,5,238,0
3809433529.18043,106.794828414917,1.77991380691528,0.0296652301152547,0.000397656532759624,160.554141362282,181.561689613274,196.021597707506,181.617784718381,0.172955317731299,0.349480536145407,0.261217926938353,181.589737165827,143.251305263175,140,249,5,240,0
3809433529.24883,106.863218545914,1.7810536424319,0.0296842273738649,-0.00184387653474251,160.801567700621,121.133206299826,128.843174565151,121.259192794904,0.237950402751733,0.641387348904287,0.43966887582801,121.196199547365,95.6084525979664,125,226,5,243,0
3809433529.41222,107.026612997055,1.78377688328425,0.0297296147214042,-6.90934965774323e-05,160.472766095761,3.50232845176976,3.44188014179312,3.45935534526471,-0.0439616383267895,0.161046158844891,0.0585422602590507,3.48084189851724,2.74594342808034,114,202,5,244,0
3809433530.11249,107.72688794136,1.79544813235601,0.0299241355392668,0.000288507800864,160.5256305891,311.917992078154,320.279132509395,313.461561043381,-3.15358537542157,-3.40676933829652,-3.28017735685904,312.689776560767,246.672633232985,138,247,5,246,0
3809433530.53578,108.150176286697,1.80250293811162,0.0300417156351937,4.53727012870379e-05,160.454575687787,104.007366507587,110.752525248232,103.842664046948,0.582981287604374,0.126026102869933,0.354503695237154,103.925015277268,81.9836755111816,115,216,5,247,0
3809433533.35625,110.970638513565,1.84951064189275,0.0308251773648792,3.34694563332381e-05,160.479969880955,209.948905164282,226.161782810556,210.208223040054,0.343331655666747,0.157644049408872,0.25048785253781,210.078564102168,165.725381759693,141,251,5,250,0
3809433534.01919,111.633586168289,1.86055976947149,0.0310093294911914,-0.000106066392202006,160.521812314098,130.458909915113,142.152680571864,213.014845206411,0.240704479170892,-65.2452522623825,-32.5022738916058,171.736877560762,135.478646846297,225,332,5,252,0
3809433534.33921,111.953600645065,1.86589334408442,0.031098222401407,-8.52411459775752e-05,160.468384329681,167.190669765273,179.541090826417,167.194938792137,0.196789259550967,0.0135580158053169,0.105173637678142,167.192804278705,131.893948509124,134,241,5,257,0
3809433534.94392,112.558309316635,1.87597182194392,0.0312661970323986,0.000156763306319678,160.456775929613,131.66517567192,140.584988706659,131.494234652006,0.0986959518353269,0.189587919919737,0.144141935877532,131.579705161963,103.79972351291,129,234,5,260,0
3809433535.01018,112.624578475952,1.87707630793254,0.0312846051322089,0.00012990063213768,160.47710620888,183.851043841195,198.247609944208,183.62717120239,0.117566336210547,0.0337020618414829,0.0756341990260152,183.739107521792,144.946886267869,138,247,5,261,0
3809433535.16430,112.778691768646,1.87964486281077,0.0313274143801795,7.86448693388898e-05,160.440553493248,180.642696096036,358.328666590067,278.244458319959,-77.6792667964148,-3.13319499537043,-40.4062308958926,229.443577207998,181.001924625743,208,320,5,262,0
3809433535.52239,113.136780977249,1.88561301628749,0.0314268836047914,6.11537037693636e-05,160.480679219196,184.810006262875,199.097991162667,184.719203166216,0.2417995612044,0.384527669638107,0.313163615421254,184.764604714545,145.755873679264,138,247,5,263,0
3809433536.30544,113.919833660126,1.89866389433543,0.0316443982389238,-0.0063640372260299,163.158831816449,194.656304605468,200.299640161538,231.27058235,2.84017535076393,-65.6336385598031,-31.3967316045196,212.963443477734,168.001186232603,263,366,5,265,0
3809433536.41073,114.025124073029,1.90041873455048,0.0316736455758413,0.00171063061419385,160.678377549911,4.24572338608256,4.07095015339855,3.7393556741535,0.157993427696031,0.197568565307416,0.177780996501724,3.99253953011803,3.14960805566857,89,169,5,266,0
3809433536.48857,114.102966308594,1.90171610514323,0.0316952684190538,0.00100516545533808,160.617216099022,102.55140354884,108.701075227655,102.769105091255,0.112798050371721,0.586445709340242,0.349621879855981,102.660254320048,80.9859392910877,121,224,5,267,0
3809433536.62570,114.240088939667,1.90400148232778,0.0317333580387963,-0.00165942010203786,160.69605318887,144.399501968264,155.037119902626,143.731740411569,-0.0936125053928843,0.371857163098107,0.139122328852612,144.065621189917,113.649529985053,130,235,5,268,0
3809433536.87282,114.487218618393,1.90812031030655,0.0318020051717758,-0.00122590339635996,160.797879764081,513.840541817552,482.362430365684,512.569271903143,-21.7895988469022,-23.2419361724513,-22.5157675096768,513.204906860347,404.853676879739,146,259,5,269,0
3809433537.21286,114.827252388,1.91378753980001,0.0318964589966668,7.96407941944493e-05,160.48665887304,4.67046548008745,5.02835155133194,4.69792940180205,-0.136593776724982,-0.314311700057811,-0.225452738391397,4.68419744094475,3.69523855256746,98,184,5,270,0
3809433537.47544,115.089830636978,1.91816384394964,0.0319693973991606,0.0015638210681097,160.747861351715,140.880755097894,151.390883484619,140.79754567683,0.291244951665649,0.401613041577734,0.346428996621691,140.839150387362,111.10425313696,131,237,5,271,0
3809433539.64756,117.261957645416,1.95436596075694,0.0325727660126156,5.75299500516658e-05,160.478570799193,108.632722305908,115.830987723023,108.538213410285,0.268052020340379,0.0796723735839433,0.173862196962161,108.585467858096,85.6601823762757,124,230,5,272,0
3809433539.67005,117.28444814682,1.954740802447,0.0325790133741167,0.000189454589071152,160.487063700696,10.780659263016,10.6699582424858,10.9645487450495,0.254283813368643,0.0964353669950629,0.175359590181853,10.8726040040327,8.57710760253475,96,188,5,273,0
3809433540.37900,117.993396997452,1.9665566166242,0.0327759436104033,-0.000167340338148955,161.017263932584,187.654417153681,191.854543406596,187.495887461575,-1.34092491960785,-0.824458859611963,-1.08269188960991,187.575152307628,147.973039789514,63,147,5,274,0
3809433540.69763,118.312020540237,1.97186700900396,0.0328644501500659,7.06914002409763e-05,160.993679771057,185.523877103695,188.142428236289,185.17393757674,-0.94088313418366,-1.08876672156663,-1.01482492787515,185.348907340218,146.216814452144,61,145,5,276,0
3809433540.77087,118.385261058807,1.97308768431346,0.0328847947385576,-3.79661157260529e-05,160.985707536755,126.064346805466,129.463619943264,126.202324232635,-0.0853330073381372,-0.163338710334207,-0.124335858836172,126.133335519051,99.503227617988,60,143,5,277,0
3809433540.81458,118.428969621658,1.97381616036097,0.0328969360060162,-0.000209290000509359,160.997594031004,155.29855417755,157.413602320326,154.726429534388,-0.395374985369698,-0.502086214290865,-0.448730599830282,155.012491855969,122.285224578449,61,144,5,278,0
3809433540.96486,118.579254150391,1.97632090250651,0.0329386817084418,-0.00213437410292757,161.180766725131,138.689675717017,140.12809650152,138.643755481143,-0.461855840614153,-0.765092954364828,-0.61347439748949,138.66671559908,109.390477216153,57,140,5,279,0
3809433541.29858,118.912970781326,1.98188284635544,0.0330313807725906,0.00796705681706309,162.451727540004,137.942192385957,143.54713063508,133.025826189747,0.744658760690364,2.72746657647942,1.73606266858489,135.484009287852,106.87972500918,126,235,4,282,0
3809433541.67738,119.29177236557,1.98819620609283,0.0331366034348806,-7.39642502260367e-05,160.055060398728,15.8192641536889,15.4974888128941,15.5430910509357,0.0507834862505525,-0.0906291268127261,-0.0199228202810868,15.6811776023123,12.37046319167,95,181,4,284,0
3809433544.41465,122.029042482376,2.03381737470627,0.0338969562451045,0.00370999953365272,161.578877431608,3.48232475050197,4.60247200958729,4.60247200958729,1.10692915549044,0,0.55346457774522,4.04239838004463,3.18894037390627,148,248,4,293,0
3809433544.73370,122.348091840744,2.0391348640124,0.0339855810668733,0.00206815813372827,161.647090670314,3.27163589303686,3.81339315752199,3.81339315752199,0.816441078200123,0,0.408220539100062,3.54251452527942,2.79459532009021,166,239,4,295,0
3809433544.90494,122.519329786301,2.04198882977168,0.0340331471628613,-1.93238055796076e-05,160.806418520959,3.34535777429453,3.84551012613819,2.68333028334688,0.0769168029547061,0.0975279200883787,0.0872223615215424,3.0143440288207,2.37793568832855,642,867,4,296,0
3809433545.10516,122.719555854797,2.04532593091329,0.0340887655152215,0.00165474975163087,161.240934628584,3.25616414220905,4.80459391360244,4.80459391360244,0.76029669516902,0,0.38014834758451,4.03037902790574,3.1794586272548,161,268,4,298,0
3809433545.29747,122.911864519119,2.04853107531865,0.0341421845886442,6.08343972832295e-05,160.671605227722,7.92211907531348,6.31775801523941,8.17960313120344,-0.599401249390809,-0.923077491992557,-0.761239370691683,8.05086110325846,6.35110981234092,50,128,4,299,0
3809433545.32982,122.944217205048,2.04907028675079,0.0341511714458466,0.00114645248213996,161.259449144433,4.07137101612732,2.85925807274964,2.71126646318073,-1.00150785721322,0.279748067059323,-0.360879895076946,3.39131873965402,2.67532099336242,339,414,4,300,0
3809433545.99816,123.612554073334,2.06020923455556,0.034336820575926,0.000724747316379297,161.025869394046,3.60768547093478,4.73127523348953,4.75888655515452,0.483453601939055,-1.31531359066047,-0.415929994360709,4.18328601304465,3.30008287368456,238,356,4,302,0
3809433546.40293,124.017323732376,2.0669553955396,0.0344492565923267,0.00322154974109231,161.083091168506,78.4630918747931,74.532921217868,77.7993144023348,-0.143485221966351,-0.465882503128951,-0.304683862547651,78.131203138564,61.6356243809123,60,144,4,305,0
3809433546.46918,124.083576917648,2.06805961529414,0.0344676602549023,-0.000383590392613355,161.011165299175,218.971102843237,147.366204337354,222.73986689516,-18.7525387713319,-38.9129664874474,-28.8327526293897,220.855484869199,174.227007405999,177,262,4,306,0
3809433546.91123,124.525625705719,2.07542709509532,0.0345904515849219,0.000171407912554622,160.745718342777,114.713848714181,122.231657836953,115.373583523245,0.150758566777516,-0.49130198074827,-0.170271706985377,115.043716118713,90.7549223515979,175,288,5,307,0
3809433546.96072,124.575117349625,2.07625195582708,0.0346041992637846,0.000136720455594035,160.867512184765,136.65006176151,146.408677713102,136.47663314095,0.744610218769919,0.162215856777536,0.453413037773728,136.56334745123,107.731186127729,114,215,5,308,0
3809433547.25296,124.86735367775,2.08112256129583,0.0346853760215971,-0.000254482394587004,160.946543424622,141.596899993373,150.498569305023,141.434803632068,0.356102747018784,0.234342413763409,0.295222580391097,141.51585181272,111.638084860983,107,207,5,309,0
3809433547.30821,124.922607660294,2.08204346100489,0.0347007243500815,-0.230666448310193,224.728754593567,121.993913788232,153.548854083019,153.548854083019,59.5739728542001,0,29.7869864271,137.771383935626,108.684173922613,127,126,5,310,0
3809433547.70062,125.315017700195,2.08858362833659,0.0348097271389431,0.0399862479711164,167.239933462885,96.4577149866842,102.353710959739,92.5068450212462,5.57758774632785,7.12318736366291,6.35038755499538,94.4822800039652,74.5345532520314,317,264,5,312,0
3809433548.03669,125.651081800461,2.09418469667435,0.0349030782779058,-9.11710033791182e-05,161.187175656442,172.617981685222,186.10116042764,172.622047685172,0.339615053065847,0.358075714674536,0.348845383870191,172.620014685197,136.175330192924,134,242,5,315,0
3809433548.10413,125.718522310257,2.09530870517095,0.0349218117528492,0.000461988456463314,161.329827862555,114.129891650291,121.255496654944,114.20092207667,0.594430790236337,0.29429122763106,0.444361008933698,114.165406863481,90.0620475823489,120,223,5,316,0
3809433548.19685,125.811245679855,2.09685409466426,0.0349475682444043,-0.000321917227296598,161.145737360466,230.975062118292,249.004338509783,231.072964384836,-0.0336153332782752,0.0306249757390037,-0.0014951787696357,231.024013251564,182.248688510417,143,252,5,318,0
3809433548.44038,126.054770946503,2.10091284910838,0.0350152141518063,-0.14708376869396,185.442681292325,119.478972480396,137.784400515412,133.766767649042,27.2448587747986,21.7917217740407,24.5182902744197,126.622870064719,99.8894083776107,247,239,5,320,0
3809433548.73179,126.346185922623,2.10576976537704,0.0350961627562841,0.000449879828436297,161.142320440083,346.750232122303,362.872350078712,346.85764510491,-3.47937161594743,-3.95916452201571,-3.71926806898157,346.803938613607,273.584386718073,151,265,5,321,0
3809433548.76213,126.376519203186,2.1062753200531,0.0351045886675517,-0.00019248595145604,161.184402310937,145.526266011777,156.550197348098,145.345312551448,0.24624503760437,0.331469329354959,0.288857183479665,145.435789281613,114.730419085003,135,243,5,322,0
3809433548.95953,126.57392001152,2.10956533352534,0.0351594222254223,0.000115042665282182,161.038753847674,165.78563513119,178.632674202057,165.806619641654,-0.156805522675041,0.150586472365307,-0.00310952515486691,165.796127386422,130.792147322707,140,249,5,324,0
3809433549.14898,126.763378143311,2.11272296905518,0.0352120494842529,-2.73561500506224e-05,161.042192820009,113.178412638589,121.242897225578,113.146773078206,0.0165002028974685,-0.17745363691174,-0.0804767170071358,113.162592858397,89.2709543333225,126,230,5,326,0
3809433549.44253,127.056926488876,2.11761544148127,0.0352935906913545,5.31760640617153e-05,161.075262288169,114.184526122145,121.370065116831,114.110328972853,0.39230314452883,0.194159750070626,0.293231447299728,114.147427547499,90.0478641790224,129,235,5,327,0
3809433549.66553,127.27991938591,2.12133198976517,0.0353555331627528,-0.141208850376777,179.605106580822,71.4013941925084,83.7688239663973,84.083494208609,21.4048528541299,16.612284352805,19.0085686034675,77.7424442005587,61.3289428130485,261,222,5,329,0
3809433550.05379,127.668188810349,2.12780314683914,0.0354633857806524,-0.000461111591969607,161.100571525564,119.513010545365,128.294673786272,119.556506668578,0.246916541532721,0.0470469834810946,0.146981762506908,119.534758606971,94.2977861085287,135,242,5,331,0
3809433550.34117,127.955559968948,2.13259266614914,0.0355432111024857,0.00112851273821254,161.309930295724,150.521908161608,163.253121647618,150.554525708332,0.187464734915563,-1.76425940072702,-0.788397332905729,150.53821693497,118.755588308564,143,253,5,332,0
3809433550.42110,128.035497426987,2.13392495711644,0.0355654159519408,6.93083120171023e-05,161.037487830575,121.453479724157,130.144669632754,121.642183080949,0.663475519557921,0.403580385937317,0.533527952747619,121.547831402553,95.8858455994319,134,241,5,334,0
3809433550.82075,128.43514251709,2.14058570861816,0.0356764284769694,-0.000128417774558739,161.147449617292,4.28219114077609,4.16158834307832,3.89208607345602,0.0409791395706285,0.122307135427884,0.081643137499256,4.08713860711605,3.22423474695721,97,177,5,335,0
3809433551.17974,128.79413819313,2.14656896988551,0.0357761494980918,0.000671690206890063,161.160723111425,39.1032504198874,40.7802210051282,38.4117473866553,-0.0856770634947565,-0.141758083648441,-0.113717573571599,38.7574989032714,30.5747582065144,133,240,5,336,0
3809433551.24350,128.857895374298,2.14763158957164,0.0357938598261939,-0.00101272067596972,161.311571394954,204.581660253502,220.672602645472,204.823986810331,0.515531252100102,0.739615731352551,0.627573491726326,204.702823531916,161.484603258309,155,270,5,337,0
3809433551.36595,128.98034453392,2.14967240889867,0.0358278734816445,0.000135837087921569,161.032865736791,136.135418999466,146.251161028182,136.079906000676,0.0733258964515848,0.162539615109618,0.117932755780601,136.107662500071,107.371708411306,143,252,5,338,0
3809433551.91678,129.531170845032,2.1588528474172,0.0359808807902866,-7.08159001969856e-05,161.074095936505,121.820426908785,130.528127044396,121.877993504227,-0.132156940770745,0.124408286185683,-0.00387432729253106,121.849210206506,96.1235953077511,131,238,5,339,0
3809433552.15536,129.769750118256,2.16282916863759,0.0360471528106266,-0.000245156907890168,161.09397036948,164.587907403966,177.397256635849,164.400068372107,0.292035161364465,0.190503701154865,0.241269431259665,164.493987888036,129.764924167424,147,257,5,340,0
3809433552.28919,129.903588294983,2.16505980491638,0.0360843300819397,-0.000173696290688099,161.092543120939,122.896331758727,130.604742965238,122.975091174319,0.270235407624957,0.652376792581932,0.461306100103445,122.935711466523,96.9807072023808,131,237,5,341,0
3809433553.22746,130.841851711273,2.18069752852122,0.036344958808687,-6.6416055914657e-05,161.05746361811,215.022377251159,231.106244041588,215.026640531818,0.208931506530509,0.10407046696291,0.15650098674671,215.024508891489,169.627105821239,151,263,5,342,0
3809433553.53272,131.14711856842,2.18578530947367,0.0364297551578946,-8.4525594408174e-05,161.112772955119,183.046880022397,195.290904255822,141.663525854561,0.130190949323945,0.0352285017527467,0.0827097255383456,162.355202938479,128.0776937078,258,368,5,343,0
3809433553.81124,131.425634860992,2.19042724768321,0.0365071207947201,-5.0033930550286e-05,161.074119969272,183.786850486149,198.077572525857,183.8381860785,0.244476791364288,0.17456636673894,0.209521579051614,183.812518282324,145.004798060853,149,260,5,345,0
3809433553.86689,131.481278896332,2.1913546482722,0.0365225774712033,-0.000295573968229381,161.120898152281,156.390667397335,168.751035040905,156.38115106865,0.256560799138985,0.298134363780308,0.277347581459646,156.385909232993,123.368676953019,141,251,5,346,0
3809433553.90583,131.520222425461,2.19200370709101,0.0365333951181836,7.10899246343806e-05,161.049843623354,170.103359064567,373.417958564485,192.023367912516,-81.1214509147063,-38.3244927807686,-59.7229718477374,181.063363488542,142.836063094183,195,304,5,347,0
3809433554.23411,131.848506689072,2.19747511148453,0.0366245851914088,3.12068333893853e-05,161.098660240726,190.530111941116,205.936886762727,190.449268079326,0.59259026025143,0.573758676030281,0.583174468140856,190.489690010221,150.272240926382,148,259,5,348,0
3809433554.28532,131.899715423584,2.19832859039307,0.0366388098398844,0.000318020276747893,161.131768168217,131.657888599337,140.115736744338,131.867144845971,0.0618675962224801,-0.213988978232536,-0.0760606910050279,131.762516722654,103.943938682197,132,238,5,349,0
3809433554.48320,132.097593069077,2.20162655115128,0.0366937758525213,-0.00120503647444864,160.842245554675,208.153361052981,224.500829207786,207.99280653177,-0.151879144875288,-0.346560060820054,-0.249219602847671,208.073083792375,164.143311778529,148,259,5,350,0
3809433554.55562,132.170014858246,2.20283358097076,0.0367138930161794,9.07561582299937e-05,161.093529297701,222.265317377698,239.954935145134,222.157088564706,0.151639630758131,-0.0388589880668288,0.0563903213456509,222.211202971202,175.296497294095,155,270,5,351,0
3809433554.95356,132.567954301834,2.20946590503057,0.0368244317505095,-4.65605222329368e-06,161.064868665989,156.947077157519,168.313239637238,156.874870905682,0.647363707486329,0.70092380726883,0.674143757377579,156.9109740316,123.782886582496,136,244,5,353,0
3809433555.10036,132.714748620987,2.21191247701645,0.0368652079502741,0.000262005248211643,161.156505928293,126.867864208445,133.738329436989,188.575871923529,0.194650646357296,-5.38490477301673,-2.59512706332972,157.721868065987,124.422579280272,248,357,5,354,0
3809433555.19921,132.813600540161,2.21356000900269,0.0368926668167114,-0.00187490573392192,161.378868389275,113.742793151372,121.176399550282,113.74482645319,0.824474318713413,0.58373913888309,0.704106728798252,113.743809802281,89.7294608940559,126,232,5,356,0
3809433555.27873,132.893118858337,2.21488531430562,0.0369147552384271,0.00061462435340639,161.199169969444,150.261914845145,160.695411346032,150.749068229717,0.427039503249424,0.605251759521778,0.516145631385601,150.505491537431,118.729772114401,135,242,5,357,0
3809433555.46479,133.079184055328,2.21798640092214,0.036966440015369,4.65480724287489e-06,161.06816306282,126.895839713258,136.482501600399,127.207243643372,0.37409430638931,0.153424614635462,0.263759460512386,127.051541678315,100.22757599179,136,244,5,358,0
3809433555.55082,133.1652135849,2.219420226415,0.0369903371069166,3.89941013316927e-05,161.089094980517,144.522633853965,155.639799148153,144.538854572001,0.288583057936351,0.102521214028644,0.195552135982497,144.530744212983,114.01645314493,142,253,5,359,0
3809433555.75220,133.366592168808,2.2227765361468,0.0370462756024467,0.000110317644691543,161.049564557191,123.677502195248,132.389307658297,123.754457932086,0.30402527768332,0.183638415961997,0.243831846822658,123.715980063667,97.5962403087187,129,233,5,363,0
3809433555.87609,133.490488767624,2.2248414794604,0.03708069132434,7.90035218940007e-05,161.099256591426,120.219082361697,129.522072213451,120.404694434967,-0.0463105522297422,-0.0711082366468915,-0.0587093944383169,120.311888398332,94.9108430946162,145,255,5,364,0
3809433555.93407,133.548466444016,2.22580777406692,0.0370967962344488,-9.74559766596172e-05,161.146904960072,199.861670344744,216.079325647289,198.397312304023,0.0368678678482444,-0.598719312721585,-0.28092572243667,199.129491324384,157.087949979026,144,254,5,365,0
3809433556.19583,133.8102247715,2.23017041285833,0.0371695068809721,0.00158094486977623,161.352999538704,164.104217901413,175.777877124153,163.751039374677,0.639364903559215,0.564785436984475,0.602075170271845,163.927628638045,129.318138445524,139,248,5,366,0
3809433556.24011,133.854506015778,2.23090843359629,0.0371818072266049,-4.48591729432474e-05,161.070311492779,159.968766152436,172.132266892485,159.726516070933,0.429583119826366,0.244862780906724,0.337222950366545,159.847641111684,126.099544995637,140,250,5,367,0
3809433556.34833,133.962718963623,2.23271198272705,0.0372118663787842,0.000644870102177142,161.17156583015,177.399318339008,190.668118354575,177.401282808856,0.521393541282145,0.426667629540046,0.474030585411096,177.400300573932,139.946370361714,144,255,5,371,0
3809433556.56769,134.182079315186,2.23636798858643,0.0372727998097738,0.000221201393436796,161.111707274011,340.37563481692,359.500982400128,339.945935744006,-2.3569332035691,-2.70931331317248,-2.53312325837079,340.160785280463,268.343780057758,158,273,5,372,0
3809433556.63840,134.252790927887,2.23754651546478,0.037292441924413,-0.000220398753004737,161.078468389042,119.148166988409,128.740084642273,119.16093205794,0.275506205284311,0.181211474837514,0.228358840060912,119.154549523174,93.9978492928423,132,237,5,374,0
3809433556.71360,134.327998161316,2.23879996935527,0.0373133328225878,0.000885999886837248,161.206321079867,123.521598708554,131.644719782657,123.316372183368,0.337929618982888,0.550721858914498,0.444325738948693,123.418985445961,97.3619491681149,133,242,5,375,0
3809433556.88616,134.500556707382,2.24167594512304,0.0373612657520506,0.000190885292370721,161.103146194202,134.852404132947,144.480408853312,134.597239564681,0.244593723345918,-0.125859354426812,0.0593671844595532,134.724821848814,106.280822266772,135,243,5,376,0
3809433556.98272,134.597112178802,2.24328520298004,0.037388086716334,-4.11318467673378e-06,161.061421961926,114.049314513828,121.542551683677,113.954914590649,0.26286364009471,0.237118477392677,0.249991058743693,114.002114552239,89.9332306288694,131,236,5,377,0
3809433557.20277,134.817165374756,2.24695275624593,0.0374492126040988,2.6652396699967e-06,161.091870772503,109.979780695998,117.303103548059,109.893796195657,0.37377674386559,0.12144311208352,0.247609927974555,109.936788445828,86.7262031825329,128,233,5,379,0
3809433557.31434,134.928735733032,2.2488122622172,0.0374802043702867,-0.00154550229851529,161.369067991476,191.536802434394,205.950903719079,191.356021072375,0.525443108651054,0.561235314249246,0.54333921145015,191.446411753385,151.026973218091,147,257,5,380,0
3809433557.93943,135.553822278976,2.25923037131627,0.0376538395219379,6.48886905331674e-05,161.067056199779,25.5803696596335,27.6621991766717,25.2598133689306,-0.189533723399029,0.0486054469366993,-0.0704641382311647,25.420091514282,20.0532328873017,103,200,5,382,0
3809433558.01850,135.632890224457,2.26054817040761,0.0376758028401269,0.000239007354796721,161.144294011982,205.633920787775,221.671432927614,205.597513857973,-0.220627792271836,-0.117971103525299,-0.169299447898567,205.615717322874,162.2047608463,156,269,5,383,0
3809433558.21072,135.825118780136,2.26375197966893,0.0377291996611489,2.73426682608754e-05,161.063161976464,217.034707478427,231.905873893057,261.319450264519,-0.131367241254236,-41.279164994829,-20.7052661180416,239.177078871473,188.680424742745,255,371,5,384,0
3809433558.25387,135.86825966835,2.2644709944725,0.0377411832412084,5.18984590668648e-05,161.063113505595,211.579759547456,227.993238617506,211.512669730354,0.139712402027608,0.104998257329193,0.122355329678401,211.546214638905,166.883172163155,147,259,5,385,0
3809433558.27609,135.89048409462,2.264841401577,0.0377473566929499,0.000198270723145134,161.139340946809,129.31657865645,138.728195474015,128.982328431304,0.227884632447094,-0.0602423827149258,0.083821124866084,129.149453543877,101.882562764498,134,241,5,386,0
3809433558.32151,135.93589925766,2.265598320961,0.0377599720160166,2.78595487697213e-05,161.077427993686,431.099577874415,436.123126879023,430.635616430602,-8.54701316063219,-9.52065212841694,-9.03383264452457,430.867597152508,339.899967096377,163,281,5,387,0
3809433558.62337,136.237764835358,2.27062941392263,0.0378438235653771,-0.000222362688993752,161.09507467807,198.349810260506,213.193675585813,198.197791656712,0.286238823855018,0.17742869833244,0.231833761093729,198.273800958609,156.412918648998,147,258,5,389,0
3809433558.75131,136.365707874298,2.27276179790497,0.0378793632984161,6.1470848810306e-06,161.055001122287,119.907800974999,127.952194345052,119.820690401525,0.136679606384741,-0.117542433431408,0.00956858647666692,119.864245688262,94.5577096879055,129,235,5,390,0
3809433558.92452,136.538913726807,2.27564856211344,0.0379274760352241,0.000168741132602725,161.079983623992,182.440677610052,196.382944706369,182.581441931531,0.242390454865588,0.0598157081917397,0.151103081528664,182.511059770791,143.978112117953,143,254,5,391,0
3809433559.16828,136.782676935196,2.27971128225327,0.0379951880375544,-0.000107330274118578,161.033088457622,16.1471739392588,17.1005359346009,16.2344383500096,0.12461411764309,-0.142232349289772,-0.00880911582334132,16.1908061446342,12.7724955698561,108,200,5,392,0
3809433559.50605,137.120447158813,2.28534078598022,0.0380890130996704,-4.13221650849326e-05,161.011391277421,98.6684281220851,104.251656896678,98.4179209978717,0.442210241365329,-0.0300909588598325,0.206059641252748,98.5431745599784,77.738084766336,122,225,5,394,0
3809433559.80757,137.421966314316,2.2903661052386,0.0381727684206433,0.000244130623145367,161.093675647104,151.068721498377,163.454649540035,150.66209887614,0.236732035080088,0.260018668058174,0.248375351569131,150.865410187259,119.013702347359,137,245,5,397,0
3809433560.23602,137.850409269333,2.29750682115555,0.0382917803525925,9.08361403541392e-05,161.058740166977,11.9436682340367,12.058205830798,11.7952589180595,-0.0734808221887727,0.100305949856689,0.0134125638339583,11.8694635760481,9.36350355796743,102,195,5,398,0
3809433560.28795,137.90234041214,2.29837234020233,0.0383062056700389,0.000396654437412182,161.124139532283,142.139942489881,152.798256320549,142.065717527066,0.0766335498183441,0.533147779995642,0.304890664906993,142.102830008473,112.10113631981,134,240,5,399,0
3809433560.34737,137.961766242981,2.29936277071635,0.0383227128452725,-3.56597056058645e-05,161.071755187523,123.261112122492,131.39218802725,123.133495890575,0.0882349585611281,0.10272651141312,0.0954807349871239,123.197304006533,97.1870705871651,129,234,5,400,0
3809433560.72612,138.340518474579,2.30567530790965,0.0384279217984941,-5.45817406794876e-05,161.026574232193,162.272475639028,175.067872034281,162.204134588481,0.341125423093929,0.236570858513434,0.288848140803682,162.238305113755,127.985476128571,141,251,5,401,0
3809433561.26536,138.879749298096,2.31466248830159,0.0385777081383599,-0.00179392761064504,161.358942454215,194.627576108037,209.334820030196,194.879054879844,0.934141873235983,0.573301260159853,0.753721566697918,194.753315493941,153.635701467869,150,261,5,402,0
3809433561.41571,139.030101060867,2.31716835101445,0.0386194725169076,-4.40214456672221e-05,161.027002236432,121.433173881987,129.562677309439,121.397252450264,0.403695027065365,0.168943900565246,0.286319463815305,121.415213166125,95.7812266062751,130,236,5,403,0
3809433561.43121,139.045600891113,2.31742668151855,0.0386237780253092,-0.000447190188007752,161.096040726685,129.381485888168,138.685695759167,129.172141112352,0.301248011418982,0.181217409602944,0.241232710510963,129.27681350026,101.983033640633,134,242,5,404,0
3809433561.55164,139.166034936905,2.31943391561508,0.038657231926918,-7.17941559423486e-05,161.033406997841,171.649465822549,128.133607709396,191.016112811957,-56.9362981875984,-48.0203639744223,-52.4783310810103,181.332789317253,143.048605951708,133,244,5,405,0
3809433561.60492,139.219316959381,2.32032194932302,0.038672032488717,0.000439749439620579,161.078098214281,115.970694049677,123.143791450982,115.882196879394,0.0496782316386223,0.293845382460239,0.17176180704943,115.926445464535,91.4512840125418,130,239,5,406,0
3809433561.68240,139.296790838242,2.32161318063736,0.0386935530106227,9.13574567803199e-06,161.030843739559,123.027800212965,274.207452744391,143.473829078047,-55.6464931050194,-30.4742767475815,-43.0603849263004,133.250814645506,105.118017258424,184,290,5,407,0
3809433562.04737,139.661758899689,2.32769598166148,0.0387949330276913,-0.00023871611780812,161.054073089178,173.796273035788,187.552196723543,173.696485770627,0.208365244463888,0.226446281369611,0.217405762916749,173.746379403208,137.063889307419,142,253,5,408,0
3809433562.20173,139.816120862961,2.33026868104935,0.0388378113508224,-6.6529366666305e-05,161.167164605424,216.312670155619,233.115080713634,216.504904250088,0.209613072842495,0.03953113055349,0.124572101697992,216.408787202854,170.719126097525,155,270,5,409,0
3809433562.48210,140.09649682045,2.33494161367416,0.0389156935612361,0.00252412250976257,161.405473484328,87.1558118832108,92.4457856337789,87.064006771127,0.607062346926559,0.859442362875555,0.733252354901057,87.1099093271689,68.7186864590166,117,217,5,410,0
3809433562.63899,140.253387451172,2.33755645751953,0.0389592742919922,0.000363193110643996,161.160940778503,210.732841913954,225.988165980584,210.436466184062,-0.368190934600917,-0.286543827400685,-0.327367381000801,210.584654049008,166.124622634188,154,267,5,411,0
3809433562.71890,140.33328962326,2.33888816038767,0.0389814693397946,0.000203736862794419,161.143245446881,133.804131203359,143.07890967744,133.507908095763,0.291024868591711,0.428796695993849,0.35991078229278,133.656019649561,105.437672689595,133,240,5,412,0
3809433562.92711,140.541501760483,2.34235836267471,0.0390393060445786,-0.00298966338445619,161.549841825775,123.932201644429,130.885857454041,122.393283801445,0.912829098517909,0.918456570461714,0.915642834489811,123.162742722937,97.1598061114075,127,230,5,413,0
3809433563.14191,140.75630402565,2.3459384004275,0.0390989733404583,-0.000310458918451586,161.094453870349,126.192557204683,135.488716171078,126.09781825028,-0.0309819282783323,-0.0196493944767152,-0.0253156613775237,126.145187727481,99.5125775094216,132,236,5,414,0
3809433563.26421,140.878599643707,2.34797666072845,0.0391329443454742,-0.000175930163582661,161.028872427937,35.5253946735087,37.2932465248069,35.456288495768,0.828158462287965,0.273312686816519,0.550735574552242,35.4908415846383,27.997779286641,111,206,5,415,0
3809433563.34863,140.963026762009,2.34938377936681,0.0391563963227802,-0.00045715920898979,161.089835406821,111.609464241439,119.692022434588,111.599397538671,0.55591688813015,0.155641154007591,0.355779021068871,111.604430890055,88.0417618731088,127,232,5,416,0
3809433563.38316,140.997554540634,2.3499592423439,0.0391659873723984,0.000925873092212305,160.930176570846,102.742529421672,110.289592124655,102.540724718518,0.152970060555023,-0.144725733692029,0.00412216343149677,102.641627070095,80.9712447499157,131,235,5,417,0
3809433563.78847,141.40286397934,2.35671439965566,0.0392785733275943,5.86112101337838e-05,161.052745653514,192.913945879942,207.064914837765,192.745004096405,0.240082777775882,0.251252352393245,0.245667565084563,192.829474988174,152.118034952841,138,246,5,418,0
3809433564.56548,142.17987704277,2.36966461737951,0.0394944102896584,0.000136852908148478,161.065702828704,183.317069574886,198.00548478374,183.245788302605,0.00287514093539266,0.18739027535151,0.0951327081434513,183.281428938746,144.585835828369,145,255,5,420,0
3809433564.67407,142.288466215134,2.37147443691889,0.0395245739486482,7.88298134495284e-05,161.072868756052,110.84905976604,119.002454775373,110.935637607193,0.479087100275637,0.42950287147752,0.454294985876579,110.892348686616,87.4800191959652,129,235,5,421,0
3809433564.73230,142.346696853638,2.37244494756063,0.0395407491260105,6.23843371348459e-05,161.049067790531,220.927837297844,232.324705004643,232.324705004643,-62.7313029440403,0,-31.3656514720201,226.626271151244,178.779426943579,144,261,5,422,0
3809433564.87618,142.490569829941,2.37484283049901,0.0395807138416502,8.74017789765303e-05,161.034914125232,155.127876153393,166.676940739952,155.017073916994,0.285291620794588,0.137264802378275,0.211278211586431,155.072475035193,122.332543710311,143,253,5,423,0
3809433564.94078,142.555176019669,2.37591960032781,0.0395986600054635,3.34075927499638e-05,161.04898909731,114.128093898054,122.41909601909,114.120020797569,-0.0488301685925776,0.129856761930389,0.0405132966689056,114.124057347812,90.0294280511791,129,233,5,424,0
3809433564.99822,142.612611293793,2.37687685489655,0.0396146142482758,0.000139715031049538,161.066140784266,110.947831697754,118.412918980366,110.895625568044,0.408133683926455,-0.121285374601062,0.143424154662697,110.921728632899,87.5031962527708,127,230,5,425,0
3809433565.09275,142.707143783569,2.37845239639282,0.0396408732732137,0.000168161838455373,161.054799991062,163.808510014691,175.621363444079,163.87770398313,0.4349073235597,0.504097974543371,0.469502649051536,163.843106998911,129.251461576457,136,244,5,426,0
3809433565.23346,142.847856283188,2.3807976047198,0.0396799600786633,-0.000150488252138334,161.0782375277,207.013561330859,221.665989068843,206.595338490067,-0.144820141062238,-0.171286290203229,-0.158053215632734,206.804449910463,163.142520311338,150,261,5,429,0
3809433565.89711,143.511508226395,2.39185847043991,0.0398643078406652,-7.6325406432316e-05,161.074882420061,172.641971133885,184.116865096517,126.336246100352,0.260837491340649,0.207375470472789,0.234106480906719,149.489108617119,117.927974709689,251,359,5,430,0
3809433566.06300,143.677392959595,2.39462321599325,0.0399103869332208,-2.29143437502397e-05,161.035307429171,136.380872103033,146.460113848196,136.154868008641,0.348268529669619,0.345752320793917,0.347010425231768,136.267870055837,107.498091883382,134,240,5,431,0
3809433566.21973,143.834119796753,2.39723532994588,0.0399539221657647,-4.40845975158528e-05,161.038550477553,138.004716535663,147.830262811123,138.128156001289,0.531201438723804,0.133624840503157,0.33241313961348,138.066436268476,108.916932846445,131,235,5,432,0
3809433566.88720,144.501592636108,2.40835987726847,0.0401393312878079,0.000288299526025334,161.091528136552,187.420142987383,202.411715773916,187.350839128637,0.154145617661347,0.292295691668602,0.223220654664974,187.38549105801,147.82342108314,145,255,5,433,0
3809433567.60174,145.216136932373,2.42026894887288,0.0403378158145481,0.0431111411159053,167.174788008754,112.064074489194,118.717966567462,108.047112990971,5.80694436383286,7.73470728288537,6.77082582335912,110.055593740083,86.8199255136506,252,238,5,434,0
3809433567.90712,145.521512508392,2.42535854180654,0.0404226423634423,-2.21166203969568e-05,161.02006891956,221.377788976275,238.76982826523,221.755945766185,-0.675130368317778,-0.538990728770915,-0.607060548544346,221.56686737123,174.788198107345,150,262,5,436,0
3809433568.26517,145.879562139511,2.43132603565852,0.0405221005943086,0.000202631733988349,161.077889307033,77.5244067566886,81.4281125602667,77.3535963224373,0.349971797818478,0.329572140481511,0.339771969149995,77.439001539563,61.089564982899,116,218,5,437,0
3809433568.64635,146.260740280151,2.43767900466919,0.0406279834111532,-5.50149481170326e-05,161.035484545365,197.221215106111,211.984513339306,197.252775495908,-0.0147760519813283,0.168019992075553,0.0766219700471125,197.23699530101,155.595010290996,147,259,5,438,0
3809433568.84446,146.458855867386,2.4409809311231,0.0406830155187183,-4.96025849468374e-05,161.03393549883,163.729715994669,175.328331062079,163.720718125941,0.309774761630821,0.205095098358315,0.257434929994568,163.725217060305,129.158461345022,140,248,5,439,0
3809433569.13958,146.753978013992,2.44589963356654,0.0407649938927756,0.000645022493442728,161.137037836786,106.649626542483,113.933223035993,106.349297529763,0.400376190505302,0.0666021594726623,0.233489174988982,106.499462036123,84.0145879641234,129,235,5,440,0
3809433569.21187,146.826258897781,2.44710431496302,0.0407850719160504,-4.23930504521348e-05,161.017384286304,156.466534736029,168.358860186245,156.090069569551,0.194725781195728,0.308766434562854,0.251746107879291,156.27830215279,123.283788594595,140,248,5,441,0
3809433569.47439,147.088787317276,2.45147978862127,0.0408579964770211,4.52831067095918e-06,160.999630520012,125.336443033973,134.432241833773,124.948773073846,0.124308693933477,0.113777246866065,0.119042970399771,125.14260805391,98.7216691182811,131,236,5,442,0
3809433569.68808,147.30247592926,2.45504126548767,0.0409173544247945,0.00151193298686282,161.271959262618,114.210352548079,122.440718770448,114.195660787551,0.422813077538873,0.337706508019778,0.380259792779326,114.203006667815,90.0917090661566,131,238,5,443,0
3809433569.75790,147.372291088104,2.4562048514684,0.0409367475244734,-9.4873784324962e-05,161.037037269217,177.330578349742,188.36258526457,188.36258526457,-34.8218988158733,0,-17.4109494079367,182.846581807156,144.242796512589,148,263,5,444,0
3809433569.92831,147.542702913284,2.45904504855474,0.040984084142579,1.71222322616798e-05,161.01073776227,234.374023434882,198.302048046695,241.432056933646,-15.7147740282592,-11.539285871873,-13.6270299500661,237.903040184264,187.675369568664,131,241,5,447,0
3809433570.37990,147.994290113449,2.46657150189082,0.0411095250315136,-5.02830667300494e-06,161.010938786247,147.845997024679,157.342480522778,132.696530727566,-0.27472975802003,0.102809463772478,-0.0859601471237761,140.271263876122,110.656262599355,273,386,5,448,0
3809433570.45661,148.07100725174,2.46785012086232,0.0411308353477054,-0.000149727449151583,161.024898894919,283.936198517593,242.589532812775,338.172074464345,-89.7397200499375,-66.578165966834,-78.1589430083857,311.054136490969,245.382320362906,156,272,5,449,0
3809433570.68600,148.300392866135,2.47167321443558,0.0411945535739263,4.83224983953483e-05,160.985306057107,126.559391831396,135.068558822709,126.515906267783,0.371722553993684,0.260305957381789,0.316014255687737,126.53764904959,99.8221797894556,129,233,5,452,0
3809433571.11254,148.726930141449,2.47878216902415,0.0413130361504025,-2.17131719931674e-05,160.987957500584,124.427678918755,132.815394888215,124.218179244549,0.306054335717018,0.0775820453009414,0.19181819050898,124.322929081652,98.0750462170901,131,238,5,455,0
3809433572.51462,150.1290102005,2.50215017000834,0.0417025028334724,-8.97356948200339e-05,161.005585632729,92.4317587920175,99.8173482618267,92.6014687481575,0.244279510122266,0.0367402145037973,0.140509862313031,92.5166137700875,72.983891534527,120,222,5,456,0
3809433572.75734,150.371731042862,2.50619551738103,0.0417699252896839,0.000134942900271466,161.001173874968,176.939540073969,190.90386673529,176.864945318652,0.350557551810257,0.278273422238245,0.314415487024251,176.90224269631,139.553465772614,143,253,5,457,0
3809433573.37037,150.984760522842,2.51641267538071,0.0419402112563451,0.000239169550505322,161.026034626707,140.544028713044,150.604787178835,140.227998046724,0.259000247311862,0.0806803245820318,0.169840285946947,140.386013379884,110.746785425417,137,245,5,458,0
3809433574.18796,151.802358627319,2.53003931045532,0.042167321840922,-2.05629144312989e-05,160.987284997665,66.6146409192807,71.8854492717905,66.3473051178188,0.25178044758954,-0.129482330277431,0.0611490586560543,66.4809730185497,52.445068255021,113,212,5,459,0
3809433574.35137,151.96576666832,2.53276277780533,0.0422127129634221,4.50562741577849e-05,160.995719601378,89.8729839257767,96.242069408597,90.1776983680945,-0.248557643978631,-0.277861030694791,-0.263209337336711,90.0253411469356,71.0185929410992,148,260,5,460,0
3809433574.62169,152.236080884933,2.53726801474889,0.0422878002458149,0.00262315300724945,161.447738893209,118.660345563638,127.872150774384,118.224975536513,0.762646850171387,0.555179675635241,0.658913262903314,118.442660550076,93.4362590499656,134,241,5,461,0
3809433574.67510,152.289495229721,2.53815825382868,0.0423026375638114,-0.000172385157488762,161.001274472147,127.402457846172,136.663596187849,127.315905559483,0.473743068446117,0.341066382748389,0.407404725597253,127.359181702827,100.470265010181,136,243,5,463,0
3809433574.94720,152.561589717865,2.54269316196442,0.0423782193660736,2.56490016092256e-05,160.964896865893,153.985660078169,165.391212759859,153.821011033051,0.49148572767951,0.335311252940041,0.413398490309776,153.90333555561,121.410240726128,137,244,5,464,0
3809433575.48677,153.101163625717,2.55168606042862,0.0425281010071437,0.00015140423366218,160.990513782137,120.243360856264,129.122561058368,119.999087441015,0.321070143853071,0.114428415730825,0.217749279791948,120.12122414864,94.7604331482077,129,235,5,465,0
3809433575.92636,153.540749073029,2.55901248455048,0.0426502080758413,-0.000117606009096281,160.977734043301,156.204795961747,168.481060042116,156.020534675296,0.319654312072519,-0.0649827943344811,0.127335758869019,156.112665318521,123.153122109369,144,255,5,466,0
3809433576.10112,153.715514421463,2.56192524035772,0.0426987540059619,4.97187027055869e-05,160.97677095713,141.844993704437,151.290252704119,141.725463002622,-0.0222897774686699,-0.0326738036132896,-0.0274817905409798,141.785228353529,111.850588836595,133,238,5,467,0
3809433576.30571,153.920102357864,2.56533503929774,0.0427555839882957,0.000123975544913959,160.973309237463,156.357542728826,169.465375972624,156.344130357057,0.196361510417074,0.226738353157097,0.211549931787086,156.350836542942,123.341009042335,143,253,5,468,0
3809433576.77346,154.387853384018,2.57313088973363,0.0428855148288939,3.91590039534215e-05,160.988042521837,141.227052597413,151.390638584933,141.159277829719,0.481705315827244,0.200073563783687,0.340889439805466,141.193165213566,111.383526000767,135,242,5,469,0
3809433577.19219,154.806586027145,2.58010976711909,0.0430018294519848,5.35880653248144e-05,160.976002817524,172.059433660804,185.039184472634,171.879322958176,0.225239273122768,0.0831900315696654,0.154214652346217,171.96937830949,135.662060492079,143,253,5,470,0
3809433577.40072,155.015113830566,2.58358523050944,0.043059753841824,-8.36912983254322e-05,160.986089692278,170.412401747997,183.747448265366,170.706335786475,0.0520322927624396,-0.245879894720197,-0.0969238009788787,170.559368767236,134.549741533342,146,257,5,471,0
3809433577.93451,155.548906564713,2.59248177607854,0.043208029601309,0.000119813293270072,160.978813122084,98.2523828361492,104.839176976928,98.1259463128897,0.807234714821443,0.772755590356641,0.789995152589043,98.1891645745195,77.4588157212638,120,221,5,473,0
3809433578.30207,155.916462182999,2.59860770304998,0.0433101283841663,0.000556421650697383,161.116314119131,196.999648808164,210.488408743873,196.485477572508,0.166688108798446,0.155740595094864,0.161214351946655,196.742563190336,155.204965972835,153,266,5,474,0
3809433578.46367,156.078060626984,2.60130101044973,0.0433550168408288,-1.03305265896357e-05,160.986337858441,139.688514186979,180.76062406074,126.524332973202,0.45543518518038,-0.164134850465092,0.145650167357644,133.10642358009,105.00411099416,209,318,5,475,0
3809433579.89938,157.513771533966,2.6252295255661,0.0437538254261017,0.000178200113280293,161.018507961391,83.0616544587808,88.74744339903,83.0471437488446,0.193174272363074,0.132760568369344,0.162967420366209,83.0543991038127,65.5194025012817,122,226,5,476,0
3809433580.34264,157.95703125,2.6326171875,0.043876953125,8.83885719537141e-05,161.042298036638,131.89587498252,140.261433887503,131.526203348218,0.443215914877968,0.205061518160102,0.324138716519035,131.711039165369,103.903329408854,133,241,5,477,0
3809433580.56925,158.183645248413,2.63639408747355,0.0439399014578925,-7.9772295451725e-05,160.991813630679,150.188116355843,161.053732709001,150.148514557758,0.136072763982211,0.154839057001992,0.145455910492101,150.1683154568,118.463782888315,140,249,5,478,0
3809433580.64495,158.259346008301,2.63765576680501,0.0439609294467502,9.37874136496102e-05,160.986191206124,108.679407034817,114.955238230917,108.299068434193,-0.114295872623376,0.315053357004457,0.10037874219054,108.489237734505,85.584268995788,122,226,5,479,0
3809433580.80011,158.414500951767,2.64024168252945,0.0440040280421575,1.30456062352555e-05,161.014376026236,86.2650290036571,217.786308734672,127.491736192125,-43.1424950040682,-38.8337162384193,-40.9881056212438,106.878382597891,84.3135082991136,171,274,5,480,0
3809433581.38433,158.99871969223,2.64997866153717,0.0441663110256195,-1.99894644733118e-06,160.977365294367,128.773340310824,137.569411229769,128.59299543355,0.367967238126644,0.41463519004873,0.391301214087687,128.683167872187,101.5147224221,129,234,5,482,0
3809433581.76872,159.383118152618,2.65638530254364,0.0442730883757273,3.6264332846783e-05,160.962128275884,12.7864263051261,13.1105655115507,12.8134399006045,0.079527587596485,-0.199513351543265,-0.0599928819733901,12.7999331028653,10.0975261756799,105,202,5,484,0
3809433581.81703,159.431422948837,2.65719038248062,0.044286506374677,5.09812719244667e-06,160.983307630587,187.603988263063,201.691491203481,187.449309905187,0.117859618182643,0.0578560222860226,0.0878578202343328,187.526649084125,147.934776888842,144,254,5,485,0
3809433582.58431,160.198702812195,2.66997838020325,0.0444996396700541,0.000149888031720952,161.030112481158,8.10264927180219,8.64438622366998,7.97466892823718,0.00350418778874896,0.145812079121585,0.074658133455167,8.03865910001968,6.34148397710342,106,195,5,486,0
3809433582.79808,160.412470340729,2.67354117234548,0.0445590195390913,-3.39197523587426e-05,160.997186405409,140.186675942933,150.350525165152,139.993517354922,0.407622244989448,0.183429584970203,0.295525914979825,140.090096648928,110.513344600951,135,242,5,487,0
3809433583.03432,160.648718118668,2.67747863531113,0.0446246439218521,-5.94929491869161e-05,161.024110672817,228.004404117384,147.495381966391,228.512479117784,-49.2941221376421,-50.6266272309862,-49.9603746843142,228.258441617584,180.067002735936,137,251,5,488,0
3809433583.26906,160.883449077606,2.6813908179601,0.0446898469660017,0.000119300511408569,161.028555387242,152.782871131645,166.094339292625,152.479412647148,0.187966017712854,0.272927512627324,0.230446765170089,152.631141889397,120.406641039951,149,260,5,489,0
3809433584.03094,161.64533495903,2.69408891598384,0.0449014819330639,0.000136524898404581,161.051439583009,263.831491931184,282.662187305808,282.662187305808,-42.8683068217719,0,-21.4341534108859,273.246839618496,215.55715122073,173,293,5,492,0
3809433584.27060,161.884996652603,2.69808327754339,0.0449680546257231,-0.000111812728517318,161.046238545862,120.905538171973,129.088632195411,120.830549335284,0.347659733417818,0.552028489308061,0.44984411136294,120.868043753629,95.3495792358697,128,233,5,493,0
3809433584.68413,162.298521280289,2.70497535467148,0.045082922577858,1.9320340724944e-05,161.022806394644,136.906778192963,146.28792425041,136.748650439339,0.395184813948078,0.535981758544166,0.465583286246122,136.827714316151,107.939738103514,132,237,5,495,0
3809433584.84514,162.459537029266,2.70765895048777,0.0451276491747962,-4.42478039521615e-05,161.041277297341,127.769301326575,137.135083813744,127.940123885941,0.0800171984850848,0.361849273656052,0.220933236070568,127.854712606258,100.861176136672,131,238,5,496,0
3809433584.96316,162.577555179596,2.70962591965993,0.0451604319943322,0.116848310215128,213.928244300961,212.936695159456,221.843856342119,221.843856342119,52.5239948153122,0,26.2619974076561,217.390275750788,171.493396261615,67,152,5,497,0
3809433585.50653,163.1209192276,2.71868198712667,0.0453113664521111,-0.000129652505167332,161.048480004543,139.6700023085,149.79080547487,139.529049707992,0.430995928914728,0.323909062711629,0.377452495813179,139.599526008246,110.126346493578,134,242,5,499,0
3809433586.21330,163.827696323395,2.73046160538991,0.0455076934231652,0.0520986593212178,169.568502929842,229.828152547037,148.434347808044,241.737508254203,-48.0515333633185,-36.7849633580788,-42.4182483606986,235.78283040062,186.002792562501,149,269,5,500,0
3809433586.38098,163.995377779007,2.73325629631678,0.0455542716052797,-0.000114672274964786,161.051209955442,167.405674407179,179.603768895564,167.169589321473,0.301634898517419,0.410025822777356,0.355830360647387,167.287631864326,131.968755464776,139,247,5,503,0
3809433586.59825,164.212639331818,2.73687732219696,0.045614622036616,3.30398703968207e-05,161.045888240233,172.100052830562,184.61661286081,171.895685992879,0.275577707943355,0.372041363518911,0.323809535731133,171.99786941172,135.684536363494,140,250,5,504,0
3809433587.72961,165.344007015228,2.7557334502538,0.0459288908375634,0.000173904472038411,161.077645604921,8.53502325028135,9.38503217763453,8.51972723578994,0.221324041794391,0.0152682415054277,0.118296141649909,8.52737524303565,6.72701912067977,117,215,5,505,0
3809433587.77428,165.388671398163,2.75647785663605,0.0459412976106008,-4.27186247200613e-05,161.033629211185,101.718275956148,108.634886965853,101.835466156659,0.111662880666423,0.234055870216704,0.172859375441564,101.776871056403,80.2890617717973,125,230,5,506,0
3809433588.41922,166.033618688583,2.76722697814306,0.0461204496357176,3.25220803510433e-06,161.003853063095,131.217668009776,140.504287630085,131.258455553783,0.152133530811311,0.277474316189836,0.214803923500573,131.23806178178,103.530210153236,133,239,5,508,0
3809433588.94606,166.560457229614,2.77600762049357,0.0462667936748929,-2.06780281239685e-05,161.044062808678,116.881664973847,124.188295728246,116.711547644897,-0.00794113930508134,0.246143241892603,0.119101051293761,116.796606309372,92.1377307179409,129,235,5,509,0
3809433590.16816,167.782550096512,2.79637583494186,0.0466062639156977,3.25043320279825e-05,161.021991548442,3.82520708728976,3.59263227084674,3.81269539934494,0.171876646391294,0.175478140077061,0.173677393234177,3.81895124331735,3.01266888140297,97,183,5,510,0
3809433591.60794,169.222331047058,2.82037218411764,0.0470062030686273,5.76584357867955e-05,161.046949274256,4.58793686883645,4.90048638158611,4.45824566365682,-0.0633071539642488,0.173111722262875,0.0549022841493132,4.52309126624664,3.56814618395862,90,175,5,513,0
3809433591.80858,169.42297244072,2.82371620734533,0.0470619367890888,0.000163651075329519,161.105784974697,124.571764996058,134.126145846727,124.378464507419,0.159615571902319,0.517654589452125,0.338635080677222,124.475114751739,98.1951014372942,132,238,5,514,0
3809433593.29460,170.908991575241,2.84848319292068,0.0474747198820114,5.36497014684659e-05,161.021561564862,113.854967077496,121.877019459374,114.032315135116,0.397425220794752,0.209404289751847,0.303414755273299,113.943641106306,89.887102485375,124,228,5,515,0
3809433595.42500,173.039391517639,2.88398985862732,0.0480664976437887,0.000257981747316628,160.871523184379,17.906335529603,17.7575958503784,17.7269446189067,0.204795479375864,0.0331596100328647,0.118977544704364,17.8166400742548,14.0550726372299,97,188,4,516,0
3809433595.64371,173.258101224899,2.88763502041499,0.0481272503402498,-0.000503752800219819,160.93993599958,106.781270352458,113.3986792501,106.576215223682,-0.196605078692286,0.14534878002295,-0.025628149334668,106.67874278807,84.1560177724699,124,228,4,517,0
3809433596.66132,174.275711774826,2.9045951962471,0.0484099199374517,0.00204878540977528,161.411131135065,40.809709547998,42.8623126577777,40.7629697374208,-0.042788306504296,-0.091246339991212,-0.067017323247754,40.7863396427094,32.1752566081955,107,203,4,518,0
3809433597.49427,175.108668088913,2.91847780148188,0.0486412966913647,0.000140887697385556,161.286917687011,89.0702432444274,95.2684409941437,90.1702807186645,0.276882220494002,0.0342508041262651,0.155566512310134,89.620261981546,70.699036780698,127,231,4,519,0
3809433597.71714,175.331529855728,2.92219216426214,0.0487032027377023,8.605812176179e-05,161.339773150752,36.4063844228244,37.8591630279227,36.3947749250596,0.0496835993195531,0.0294793324521553,0.0395814658858542,36.400579673942,28.71544742568,101,198,4,521,0
3809433598.58099,176.195384740829,2.93658974568049,0.0489431624280082,-0.000128588073425499,161.366342618907,15.743995284187,15.4613446573367,15.845030578333,-0.0408629273979992,-0.0454648097360957,-0.0431638685670474,15.79451293126,12.4598704129017,93,183,4,522,0
3809433602.77750,180.391890525818,3.00653150876363,0.0501088584793939,-7.25190066946544e-05,161.697902274155,216.648535925599,193.634505158428,193.634505158428,-35.560117863098,0,-17.780058931549,205.141520542013,161.830679640666,128,233,5,524,0
3809433603.00598,180.620374441147,3.01033957401911,0.0501723262336519,8.81239459239217e-05,161.753022053752,162.266144833662,173.434067638234,161.848644640034,0.283304711665796,0.108365844318336,0.195835277992066,162.057394736848,127.842760752515,119,219,5,525,0
3809433603.05843,180.672822237015,3.01121370395025,0.0501868950658374,-0.000538857695553608,161.792405976045,127.799207565211,136.729107638983,127.835308382042,0.186249812905588,0.260480362699047,0.223365087802318,127.817257973626,100.831629174953,116,217,5,526,0
3809433603.15176,180.76615691185,3.01276928186417,0.0502128213644028,7.8883989764385e-05,161.711682597406,322.602004749685,340.817071988596,322.160840483165,-3.07877243304408,-3.39573887903154,-3.23725565603781,322.381422616425,254.318114576206,134,242,5,527,0
3809433603.20246,180.81685757637,3.0136142929395,0.0502269048823251,-0.000314046602828193,161.759436518287,203.163373028647,218.479727608951,202.986426203362,0.0597950315335396,0.154092935752565,0.106943983643052,203.074899616005,160.200377456437,130,235,5,528,0
3809433603.72610,181.340497732162,3.02234162886937,0.0503723604811562,-0.000123528233940436,161.690295181976,118.397273408453,127.709218189846,118.653381932753,0.252354179923842,0.0508828249125541,0.151618502418198,118.525327670603,93.501472938717,117,217,5,529,0
3809433603.84488,181.459271669388,3.0243211944898,0.0504053532414966,0.000262317555211918,161.733351722884,153.409800862024,164.813625024706,153.209140451785,0.390316065880568,0.407953669154224,0.399134867517396,153.309470656905,120.941756530836,121,223,5,530,0
3809433604.21415,181.828547477722,3.03047579129537,0.0505079298549228,-2.23900252685301e-06,161.685988091912,127.48143058837,135.671276886483,127.661868139635,0.121764370457625,0.242773709983092,0.182269040220359,127.571649364002,100.637875086965,115,215,5,531,0
3809433604.32561,181.940002441406,3.03233337402344,0.0505388895670573,-8.66688795718739e-05,161.719876141312,125.927478629434,134.832942624754,125.751166004254,0.234715819303696,0.470202587787317,0.352459203545507,125.839322316844,99.271288436633,118,218,5,532,0
3809433604.49564,182.11003613472,3.035167268912,0.0505861211485333,-0.000253594526224337,161.726692616738,156.847346535576,167.344210576314,156.676934141678,0.325176499432797,0.0515703374831026,0.18837341845795,156.762140338627,123.665475647724,125,229,5,534,0
3809433604.81142,182.425811290741,3.04043018817902,0.0506738364696503,2.73258459913959e-05,161.709098626428,274.64859550762,434.808007257005,250.576049920668,-18.3960206225711,-101.527853806029,-59.9619372143,262.612322714144,207.167864187396,204,313,5,536,0
3809433604.94037,182.554765701294,3.0425794283549,0.0507096571392483,-2.00635111587518e-05,161.697648334329,102.68065965054,109.100676300317,102.829790521505,0.720883116492022,0.379336970589846,0.550110043540934,102.755225086023,81.0608591979068,112,212,5,537,0
3809433605.12537,182.739762067795,3.04566270112991,0.0507610450188319,-7.34723766443222e-05,161.729008437504,143.734888061017,154.203194423115,143.504731860798,0.393021186508889,0.159158837829,0.276090012168944,143.619809960908,113.297841384952,125,229,5,539,0
3809433605.24780,182.862191438675,3.04770319064458,0.0507950531774097,4.67154395382671e-05,161.73236360681,133.878619592421,143.255784914576,133.927028701959,0.372761965443655,0.359830310752771,0.366296138098213,133.90282414719,105.632370181766,123,228,5,540,0
3809433605.32020,182.934597730637,3.04890996217728,0.0508151660362879,8.16920149119515e-05,161.713873719696,142.333733798979,152.156230403152,142.279998158692,0.0686041718188756,0.00780280704138793,0.0382034894301318,142.306865978836,112.262094860371,127,232,5,542,0
3809433605.60015,183.214544534683,3.05357574224472,0.050892929037412,0.000115112770298702,161.711363385666,122.684902932203,131.355536235381,122.430026582656,0.312274894937925,0.338093149557305,0.325184022247615,122.55746475743,96.6823184518116,122,225,5,543,0
3809433605.70216,183.316552639008,3.05527587731679,0.0509212646219465,0.000818855989675185,161.892430346353,125.057535530151,132.683966800367,124.704811182697,0.612869948984977,0.279661297029863,0.44626562300742,124.881173356424,98.5154302512587,121,224,5,545,0
3809433605.96532,183.579717636108,3.05966196060181,0.0509943660100301,-4.37481069229828e-05,161.70869104625,146.41622703701,156.129482579279,145.770195579928,-0.0257626660086164,0.0417761736872393,0.00800675383931143,146.093211308469,115.24904180524,126,233,5,546,0
3809433606.07579,183.690184593201,3.06150307655334,0.0510250512758891,0.000210009510192114,161.750686104225,201.279722445794,212.573643438107,200.355390029155,-1.76882035383357,-2.80166077749539,-2.28524056566448,200.817556237475,158.419619411139,134,241,5,547,0
3809433606.41400,184.028395414352,3.06713992357254,0.051118998726209,-0.00011339824312136,161.718631591937,122.027482091369,129.666152808563,121.702718378905,0.491736398870511,0.38248869688532,0.437112547877915,121.865100235137,96.136130527955,121,224,5,548,0
3809433606.45476,184.069154024124,3.0678192337354,0.0511303205622567,-1.70563253372137e-05,161.72784586251,95.0189953155491,101.088994459536,95.0634087929876,0.0315181849449406,-0.0448868453530962,-0.00668433020407776,95.0412020542684,74.9754719652579,112,213,5,549,0
3809433606.59221,184.206607341766,3.07011012236277,0.0511685020393795,-2.64645186536352e-05,161.688451238584,215.207274821719,230.978700833592,214.939988853423,-0.152523571607791,-0.549257181109382,-0.350890376358587,215.073631837571,169.665857604542,147,258,5,550,0
3809433606.66163,184.276021003723,3.07126701672872,0.0511877836121453,4.36342760776302e-05,161.694584641311,207.063234258606,223.034561549861,206.947814258067,-0.00915597306379442,-0.357302715243383,-0.183229344153589,207.005524258337,163.301142506829,148,258,5,551,0
3809433606.73245,184.346846818924,3.07244744698207,0.0512074574497011,-2.62037236751611e-05,161.703345725003,175.664776922224,188.829637712608,175.541021560989,-0.00146835578269814,0.0706370546936387,0.0345843494554703,175.602899241606,138.528448341692,136,245,5,552,0
3809433606.91532,184.529712438583,3.07549520730972,0.0512582534551621,2.35931267997064e-05,161.691210639358,369.227050860122,376.73604251124,376.73604251124,-109.260547568485,0,-54.6302737842426,372.981546685681,294.235204234087,153,277,5,553,0
3809433607.23976,184.854152917862,3.08090254863103,0.0513483758105172,0.000270133794549182,161.731130204609,13.6112765975165,15.2084147045662,13.5980970081783,-0.112826251871393,-0.0546630710121682,-0.0837446614417804,13.6046868028474,10.7323749272507,113,211,5,556,0
3809433607.34061,184.955001354218,3.08258335590363,0.0513763892650604,-0.000291339604023333,161.737980186958,547.292754174103,571.627516061332,547.05388521,-3.20770200506396,-3.24119738237568,-3.22444969371982,547.173319692052,431.650452687704,172,292,5,557,0
3809433607.49944,185.113832235336,3.08523053725561,0.0514205089542601,-0.000100773510716953,161.735087682394,352.383140521753,269.786669617832,283.730544251227,-34.2968045183777,-32.7737333912944,-33.5352689548361,318.05684238649,250.906568459545,288,404,5,558,0
3809433607.71145,185.325845718384,3.0887640953064,0.0514794015884399,-3.44792962849225e-05,161.66744345084,193.421488094388,209.275911508317,193.304916303661,0.0257506392035389,-0.00287135144034755,0.0114396438815957,193.363202199024,152.53907812853,140,247,5,559,0
3809433607.76831,185.382703781128,3.08971172968547,0.0514951954947578,7.99909318407953e-05,161.658522012594,210.723304581944,225.719897457404,210.525355726977,0.0896659080307994,0.240145747264946,0.164905827647873,210.624330154461,166.155922056625,149,261,5,560,0
3809433608.13416,185.748556137085,3.09580926895142,0.0515968211491903,0.000414808210872722,161.704344646297,164.617504515761,176.931206456176,164.422998118093,0.44404956762209,0.199698307264929,0.321873937443509,164.520251316927,129.785642686697,139,249,5,562,0
3809433608.20702,185.821409225464,3.09702348709106,0.0516170581181844,2.31046282888264e-05,161.67048932023,152.855375124966,369.944009297147,208.078218201873,-66.7561387263114,-66.8509429991086,-66.80354086271,180.466796663419,142.365447421132,201,309,5,563,0
3809433608.39467,186.009067296982,3.10015112161636,0.0516691853602727,-1.5599885034924e-06,161.644199390044,142.064960221979,152.634903038517,141.881296814657,0.321897416737423,0.176479907587189,0.249188662162306,141.973128518318,111.998818270071,132,239,5,564,0
3809433608.44420,186.058595895767,3.10097659826279,0.0516829433043798,-9.1172293117576e-05,161.665053043196,147.565119592778,157.82456259802,147.21704558784,0.0811465444589669,0.248591435854395,0.164868990156681,147.391082590309,116.272897878215,139,248,5,565,0
3809433608.79459,186.408983707428,3.1068163951238,0.0517802732520633,-0.000136929234335864,161.645013691276,188.504838137044,202.85358575027,188.8349153825,0.144834012240604,0.172799180162039,0.158816596201321,188.669876759772,148.83663874131,147,258,5,566,0
3809433609.19000,186.804394245148,3.11340657075246,0.051890109512541,1.63369470875783e-05,161.651791587082,166.636942767482,179.289816244686,166.392462263583,0.949737280663099,0.387180966409093,0.668459123536096,166.514702515532,131.359012095911,147,258,5,567,0
3809433609.26694,186.88133597374,3.11468893289566,0.0519114822149277,-4.87096070005117e-05,161.64729623932,212.874173037787,228.744542482084,212.609118976314,0.189465913144998,0.28732166200981,0.238393787577404,212.74164600705,167.826216117687,152,263,5,568,0
3809433609.44136,187.055750608444,3.11759584347407,0.0519599307245678,-6.33038135031282e-05,161.64016827683,118.072376784682,125.628933575306,117.907544731488,-0.125837985585534,-0.0309216545105164,-0.0783798200480251,117.989960758085,93.0791362460717,131,237,5,569,0
3809433609.50614,187.120532512665,3.11867554187775,0.0519779256979624,-0.00014663844489517,161.615235695478,23.2394807653589,24.494210127334,23.3073309080318,-0.0733094285312991,-0.220585184673755,-0.146947306602527,23.2734058366953,18.359769753847,112,215,5,570,0
3809433609.80358,187.417974472046,3.12363290786743,0.0520605484644572,1.48667736365428e-05,161.649950980306,151.736208318226,161.877999808795,151.745361603961,0.227730088828084,0.176873694242343,0.202301891535214,151.740784961094,119.704262182422,144,255,5,571,0
3809433609.88161,187.496004104614,3.12493340174357,0.0520822233623928,-4.91930138282146e-05,161.655681643855,117.016280713901,127.224458770559,116.711538717308,0.0109814381159702,-0.160844268951453,-0.0749314154177412,116.863909715605,92.1908245818451,138,248,5,572,0
3809433609.96779,187.582183361053,3.12636972268422,0.0521061620447371,7.00403494482741e-05,161.629297591016,12.8130909283593,14.1687024098908,12.8902736358837,-0.319575190925392,-0.0462464926859622,-0.182910841805677,12.8516822821215,10.1383497243586,116,206,5,573,0
3809433610.16225,187.776645183563,3.12961075305939,0.0521601792176565,0.000100620305686916,161.64803843679,57.9751724283939,62.4091452528048,57.946985766138,0.135371228768202,0.360045679146651,0.247708453957426,57.961079097266,45.7239509497344,140,247,5,574,0
3809433610.61064,188.225035905838,3.13708393176397,0.0522847321960661,0.000380014449018702,161.653443727457,207.598485628311,179.371039385523,179.371039385523,-38.5892465902478,0,-19.2946232951239,193.484762506917,152.6349738165,152,267,5,575,0
3809433610.81833,188.432725429535,3.14054542382558,0.0523424237304264,3.82924733599113e-05,161.579283101718,155.070379636877,166.478792702445,155.126326083127,0.34760655707268,0.166261078361255,0.256933817716968,155.098352860002,122.352958036798,141,249,5,576,0
3809433611.09477,188.70916724205,3.1451527873675,0.0524192131227917,4.52693820122631e-05,161.583510262771,12.3559040001323,13.1543283860341,12.3411729305545,0.00837020541365788,0.192782936219521,0.10057657081659,12.3485384653434,9.74143297337096,106,200,5,577,0
3809433611.32772,188.942109107971,3.14903515179952,0.0524839191966587,5.92712650723064e-05,161.612498663196,193.384753045545,209.332751273045,193.236935102681,0.151245482829636,0.367319596188461,0.259282539509049,193.310844074113,152.497774198849,146,256,5,578,0
3809433611.82306,189.437452554703,3.15729087591171,0.0526215145985285,0.000178486237436247,161.604490219131,99.9503270314581,106.387413790568,99.848869451563,0.241267070910532,0.22829424933188,0.234780660121206,99.8995982415106,78.8081312673225,122,224,5,580,0
3809433611.95385,189.568242549896,3.15947070916494,0.052657845152749,-0.00033800359978151,161.604300482619,170.524144892522,183.614780423056,170.473766025502,0.207465634583788,-0.0818132897025506,0.0628261724406188,170.498955459012,134.502083084174,151,264,5,582,0
3809433612.33858,189.952971935272,3.16588286558787,0.0527647144264645,0.000271824938340642,161.645215444069,85.7613778462857,91.4298846150732,85.3602717710944,5.64171363701462,5.31489379082022,5.47830371391742,85.5608248086901,67.4966549571348,151,262,5,583,0
3809433612.80899,190.423381328583,3.17372302214305,0.0528953837023841,-0.000125164431594269,161.511322215689,130.438346037329,139.126010436058,129.965117680603,0.491688959277445,0.340307653850864,0.415998306564155,130.201731858966,102.712677089731,131,237,5,585,0
3809433612.92696,190.541358470917,3.17568930784861,0.0529281551308102,-9.36974125790927e-05,161.520348399492,108.889973840912,116.187875040435,108.837687412088,0.0678346403176651,0.408659042952346,0.238246841635006,108.8638306265,85.879775347403,128,236,5,586,0
3809433613.40988,191.024270772934,3.18373784621557,0.0530622974369261,-2.94926991258738e-06,161.506548961082,128.81340338709,137.963641969091,128.599790780917,0.311133006584212,0.346653582544157,0.328893294564184,128.706597084004,101.53320510304,131,237,5,587,0
3809433613.53129,191.145682573318,3.18576137622197,0.0530960229370329,2.13101723572853e-05,161.50660976132,147.979402860644,159.251993213716,147.639874191273,0.148917693155242,-0.0337879433956321,0.0575648748798049,147.809638525959,116.603085503591,142,252,5,588,0
3809433613.58972,191.204112768173,3.18673521280289,0.0531122535467148,4.77266806988703e-05,161.48575080157,141.028468174307,151.607680073451,140.800639461814,0.139258285847654,0.237658696659722,0.188458491253688,140.914553818061,111.163736894344,135,241,5,589,0
3809433614.02136,191.635749816895,3.19392916361491,0.0532321527269152,1.97546048796085e-05,161.476024558829,199.695905767322,214.51839666335,199.697662213611,0.458912775371427,0.365060258671861,0.411986517021644,199.696783990467,157.535472048009,146,257,5,590,0
3809433614.44495,192.059342384338,3.20098903973897,0.0533498173289829,-0.00151997002766708,161.703677459189,106.48799641821,112.239620741022,106.69763107456,0.763549178063173,0.88329608855625,0.823422633309712,106.592813746385,84.0882306410302,122,227,5,591,0
3809433614.54023,192.154624938965,3.20257708231608,0.053376284705268,1.11570239778971e-05,161.44221486076,170.807367110424,185.656966607453,170.889364625539,0.189831403438388,0.0296626573302542,0.109747030384321,170.848365867981,134.777723645907,142,253,5,592,0
3809433614.61316,192.227558851242,3.2037926475207,0.053396544125345,2.64596376496461e-05,161.432096490603,127.559566993573,134.752375181579,127.51668715204,0.444155003990783,0.185278099727376,0.31471655185908,127.538127072807,100.611430244629,128,233,5,593,0
3809433615.86900,193.483393192291,3.22472321987152,0.0537453869978587,-0.000163202274130098,161.468065812251,141.934997029487,152.13161789913,141.752519780268,0.134721593790297,0.283215986272936,0.208968790031617,141.843758404878,111.896761634594,132,238,5,594,0
3809433616.15287,193.767258882523,3.22945431470871,0.0538242385784785,-0.000205667468657948,161.481469534029,133.04022548823,142.455749471427,133.126509847911,0.408159724492893,0.342139258592879,0.375149491542886,133.08336766807,104.985922799483,133,239,5,595,0
3809433616.41820,194.032598257065,3.23387663761775,0.0538979439602958,-0.000248097064716536,161.495084963923,124.690414750315,134.336007673635,124.570981533462,0.142859308946985,0.202356442656532,0.172607875801759,124.630698141889,98.3178370283252,137,245,5,596,0
3809433616.72351,194.337906122208,3.23896510203679,0.0539827517006132,0.000151599444671653,161.451143848725,121.149928557035,129.430246092441,121.041816758552,0.201840508355101,0.398646551949765,0.300243530152433,121.095872657794,95.529307387954,131,239,5,597,0
3809433616.78352,194.397916793823,3.23996527989705,0.0539994213316176,-0.000117420596946977,161.426443173975,112.14178001815,119.854755962473,112.151149015999,0.11272026991465,-0.0581436298992556,0.0272883200076971,112.146464517074,88.4693577591918,128,232,5,598,0
3809433616.96661,194.581003427505,3.24301672379176,0.0540502787298626,3.36569062830107e-05,161.442270746096,161.097804945384,173.44695277356,161.031956837774,0.150696199831415,0.314777976586626,0.23273708820902,161.064880891579,127.059793025122,138,246,5,600,0
3809433617.20180,194.816195011139,3.24693658351898,0.0541156097253164,-4.65550016927703e-05,161.451791653359,194.22569253984,209.578506690024,194.11242690852,-0.0261312470650668,0.204373386962732,0.0891210699488327,194.16905972418,153.17479765837,149,259,5,601,0
3809433617.38227,194.996658802032,3.24994431336721,0.0541657385561201,6.12134388088746e-06,161.413614901237,106.545768288101,113.677217478594,106.68437126015,0.199060861384163,0.147328271072406,0.173194566228284,106.615069774125,84.1057878283112,127,231,5,602,0
3809433618.21058,195.824973106384,3.26374955177307,0.0543958258628845,0.000215810057437936,161.46784608758,178.74222846475,191.970061964933,178.319195979508,0.422194883880808,0.251193648425783,0.336694266153296,178.530712222129,140.838121991604,142,252,5,604,0
3809433618.37324,195.987633228302,3.26646055380503,0.0544410092300839,-1.52479572750305e-05,161.418563140488,262.544496822355,430.991943266057,171.785447411922,-49.7442009316848,-95.7533947116608,-72.7487978216728,217.164972117139,171.315660228156,202,310,5,605,0
3809433618.40620,196.020595788956,3.26700992981593,0.0544501654969321,0.000240018231060912,161.447872311828,222.229546650987,239.030764009548,222.118805198067,0.170763825283857,0.15284855833233,0.161806191808094,222.174175924527,175.267287643544,154,266,5,606,0
3809433618.57775,196.192148923874,3.26986914873123,0.0544978191455205,5.37968867224672e-05,161.39536796736,181.298794930015,195.269405732431,181.169807560335,0.254993718520909,0.0534053386331927,0.154199528577051,181.234301245175,142.970911335822,149,260,5,607,0
3809433618.75799,196.372385025024,3.27287308375041,0.0545478847291734,-7.85881798150306e-05,161.398300492464,130.044086604642,139.466172233904,129.875510390802,0.0908038707525327,0.11766218217481,0.104233026463671,129.959798497722,102.521822307265,135,244,5,608,0
3809433618.97561,196.590003252029,3.27650005420049,0.0546083342366748,-8.02308842805545e-06,161.411588011662,159.03360126742,195.667151957719,115.004682131867,0.433335831621747,-0.0817828235257058,0.175776504048021,137.019141699643,108.090750065844,211,320,5,609,0
3809433619.86221,197.476602077484,3.2912767012914,0.05485461168819,-2.38828469545665e-05,161.398672413423,241.939691403825,260.693668187427,241.714905706078,0.0873798690014371,-0.105581954886726,-0.00910104294264428,241.827298554951,190.771112436982,157,272,5,610,0
3809433619.94462,197.559010505676,3.2926501750946,0.0548775029182434,5.10327966233913e-05,161.402553587422,143.84360411688,154.774118577862,143.798111559457,0.400042343182872,0.370814826788324,0.385428584985598,143.820857838168,113.456442698482,139,246,5,611,0
3809433620.82442,198.438809394836,3.30731348991394,0.0551218914985657,-4.0697678789257e-05,161.416342255709,166.71225738499,178.885743951971,166.62286710442,0.296631984443263,0.287402767862181,0.292017376152722,166.667562244705,131.479599063368,139,248,5,612,0
3809433621.15854,198.772928714752,3.31288214524587,0.0552147024207645,1.38460684759179e-05,161.390090634984,217.797150816095,234.911823180446,217.784943278894,0.0957265131033417,0.12523499304636,0.110480753074851,217.791047047494,171.809554059194,160,275,5,613,0
3809433621.80629,199.42068529129,3.32367808818817,0.0553946348031362,0.00824017045092484,162.878107286131,156.885466657643,168.046420006313,155.898932515592,1.73762691822474,1.77246326772193,1.75504509297333,156.392199586618,123.37363924539,141,249,5,615,0
3809433621.84125,199.455641508102,3.32426069180171,0.0554043448633618,-1.00858117452453e-05,161.390787601091,132.678597273642,141.781792311777,132.778756505849,0.159339806664122,0.52329184643758,0.341315826550851,132.728676889745,104.706116695058,135,242,5,616,0
3809433622.05774,199.672129631042,3.32786882718404,0.0554644804530674,3.64853409028343e-05,161.414760114458,147.608588017443,159.127890444017,147.374516597103,0.193623328808902,0.262342527107873,0.227982927958387,147.491552307273,116.352155760952,140,249,5,619,0
3809433622.12048,199.734874486923,3.32891457478205,0.0554819095797009,-0.0233764093284556,167.265663398667,345.749914479227,372.86403950891,222.130657021449,-3.91163342191647,-61.7130627637591,-32.8123480928378,283.940285750338,223.992925951484,149,249,5,620,0
3809433622.24036,199.854754686356,3.33091257810593,0.0555152096350988,0.00010929217459973,161.418738255261,159.294915775651,171.290907329538,159.350672117274,0.468090839730789,0.568487204619034,0.518289022174911,159.322793946462,125.68550705134,144,254,5,621,0
3809433622.38533,199.999728679657,3.33332881132762,0.0555554801887936,-0.000143085681348877,161.432812487977,148.244925030733,158.569717819577,148.358082836722,0.275386146380103,0.410719710348665,0.343052928364384,148.301503933727,116.99110501822,141,249,5,622,0
3809433622.45124,200.06563615799,3.33442726929982,0.0555737878216638,-7.70323252132257e-05,161.425983521774,118.966627717729,126.789308897084,119.069953046269,0.32959464752026,0.213870158377606,0.271732402948933,119.018290381999,93.8903580869402,135,243,5,623,0
3809433622.53407,200.148459672928,3.33580766121546,0.0555967943535911,7.41400014589766e-05,161.451633056459,104.577435136336,112.114566330206,105.049702262503,-0.330598280199548,0.234413957847827,-0.0480921611758605,104.813568699419,82.6846316307615,127,232,5,624,0
3809433623.02747,200.641864776611,3.34403107961019,0.0557338513268365,-0.000106733882159769,161.403993680796,182.530791610304,196.948959443156,182.520006532367,0.289677172627573,0.175886000186016,0.232781586406794,182.525399071335,143.989424010087,148,259,5,626,0
3809433623.50918,201.123575687408,3.35205959479014,0.055867659913169,2.73342288451899e-06,161.406622671767,194.41237180695,209.502828189461,194.330394106082,0.0147864784888373,-0.0176303162416562,-0.00142191887640944,194.371382956516,153.334405065536,146,256,5,627,0
3809433623.66008,201.274470806122,3.35457451343536,0.0559095752239227,-9.9542756739628e-05,161.397093225525,7.48952370899008,7.20740151092599,7.44828689049522,-0.381257270691051,0.0947284495685627,-0.143264410561244,7.46890529974265,5.89202038493022,108,206,5,628,0
3809433623.73495,201.349346876144,3.35582244793574,0.0559303741322623,-1.74532309832498e-05,161.406904277902,270.386477142723,180.33631035039,284.524469914228,-84.842637115221,-76.4520337678789,-80.6473354415499,277.455473528476,218.877230374922,151,270,5,629,0
3809433623.96574,201.580130815506,3.3596688469251,0.055994480782085,-0.000387286626447408,161.456774541201,158.253905415296,169.681499349823,158.250210434055,0.706383310113092,0.794907976601066,0.750645643357079,158.252057924675,124.840831933091,143,252,5,630,0
3809433624.01842,201.632811069489,3.36054685115814,0.056009114185969,2.95928367851013e-05,161.384356627512,3.6591607561249,3.84632635870447,3.68244197210236,-0.113966530304268,0.0286685619377611,-0.0426489841832533,3.67080136411363,2.89579738909428,104,186,5,631,0
3809433624.10859,201.722979784012,3.36204966306686,0.0560341610511144,-3.17554942555926e-05,161.36440366239,161.369494152862,173.371405734517,161.345382131747,0.173635117914384,-0.0580853529882,0.0577748824630922,161.357438142305,127.290583645147,140,248,5,633,0
3809433624.55285,202.167239665985,3.36945399443309,0.0561575665738848,-2.35004921891619e-05,161.386281593321,188.169820442162,202.078173463873,187.879385487696,0.442148947425185,0.310343803539855,0.37624637548252,188.024602964929,148.327599437624,147,258,5,634,0
3809433624.96317,202.577564716339,3.37629274527232,0.0562715457545386,0.00103095296061655,161.520532762042,122.503378426693,130.860315307917,122.391549910953,0.152592917112941,0.157808157500874,0.155200537306907,122.447464168823,96.595541918382,134,240,5,635,0
3809433625.77910,203.393492937088,3.38989154895147,0.0564981924825244,-0.000132750883031096,161.334170601602,108.015237185093,115.095005537145,107.908385388964,0.136079273019682,0.240424184694954,0.188251728857318,107.961811287029,85.1681963244442,124,229,5,636,0
3809433626.19177,203.806160449982,3.39676934083303,0.0566128223472171,-7.22087950876642e-05,161.315581941039,103.687981933755,110.32755095788,103.537730506921,0.105557072528678,-0.115061949723224,-0.00475243859727337,103.612856220338,81.7374215485245,123,226,5,637,0
3809433626.74922,204.363615751266,3.40606026252111,0.0567676710420185,-9.52647100097701e-05,161.283552752018,116.950350221138,125.871486881086,116.788699621028,0.219864552350405,0.240522290681967,0.230193421516186,116.869524921083,92.1952542678321,138,247,5,638,0
3809433626.84798,204.462370634079,3.40770617723465,0.0567951029539108,3.21353670015966e-05,161.29912482949,4.39101989377896,4.81611539248211,4.49235983249793,0.0379718005465717,0.256855220038262,0.147413510292417,4.44168986313845,3.50393078595486,133,222,5,639,0
3809433627.39482,205.009213924408,3.41682023207347,0.0569470038678911,0.000602915377759952,161.357407287252,195.886686054614,210.725107513574,195.746913736829,0.46283519497934,0.322410072638029,0.392622633808684,195.816799895721,154.474655976311,150,262,5,640,0
3809433629.36317,206.977568149567,3.44962613582611,0.0574937689304352,0.000164521529911017,161.262341975416,90.404172684178,98.3299768810073,90.4641399691293,-0.485993318409483,0.0218649695411907,-0.232064174434146,90.4341563266536,71.3410963436595,141,250,5,641,0
3809433630.98382,208.598210334778,3.47663683891296,0.0579439473152161,-5.27187972811068e-05,161.365169653552,214.767649356172,231.744031100605,214.907617812003,0.168508283493059,0.00802058513294819,0.0882644343130035,214.837633584087,169.479684870449,154,268,5,643,0
3809433632.16496,209.779353380203,3.49632255633672,0.058272042605612,0.000201339782801453,161.336328326914,158.385742132086,170.165988598007,158.137391114663,0.364171192257112,0.345937866027009,0.35505452914206,158.261566623374,124.848333092139,139,247,5,646,0
3809433632.52525,210.139647960663,3.50232746601105,0.0583721244335175,-0.000110529640828565,161.313021109784,239.165986895568,247.791366715463,238.267734991065,-1.62044860196526,-1.84347885002221,-1.73196372599374,238.716860943317,188.317371081548,136,241,5,647,0
3809433632.66202,210.276417732239,3.50460696220398,0.058410116036733,0.000110334993135585,161.282255937103,118.63868080697,127.839082900879,118.51311234222,0.0742721443060444,0.206536247085257,0.140404195695651,118.575896574595,93.5413653996877,131,236,5,648,0
3809433632.73247,210.346865653992,3.50578109423319,0.0584296849038866,-7.95549931292023e-05,161.302631675881,153.327369774123,164.913823346741,153.463525361501,-0.143948507176807,-0.0758136033960895,-0.109881055286448,153.395447567812,121.009581425029,147,257,5,649,0
3809433633.82404,211.438433647156,3.52397389411926,0.058732898235321,-0.000189143770727724,161.331208688402,116.341079947218,123.938000163918,116.333151182943,0.331169995138651,0.0740400295472163,0.202605012342934,116.33711556508,91.775250712719,129,235,5,650,0
3809433634.82240,212.436795473099,3.54061325788498,0.0590102209647497,-5.50317169974695e-05,161.235247383129,176.387198717215,189.665674201316,175.994188072581,0.568183806828269,0.292860345307571,0.43052207606792,176.190693394898,138.992143487681,144,254,5,651,0
3809433635.12352,212.737916469574,3.54563194115957,0.0590938656859928,2.96020351823765e-05,161.244826067968,214.007880680361,230.625291758764,214.183033675344,0.149510676268849,-0.00363304812667767,0.0729388140710859,214.095457177852,168.894201678568,151,265,5,652,0
3809433635.25141,212.86580324173,3.54776338736216,0.0591293897893694,-5.68248078277969e-05,161.253295208226,129.730068163523,139.88931729001,129.529928120012,0.192301575481252,0.330866455145348,0.2615840153133,129.629998141767,102.261651593852,128,232,5,653,0
3809433635.88781,213.502204656601,3.55837007761002,0.0593061679601669,-0.000493933057006249,161.427072831153,413.188176258331,432.194215001658,489.298744742576,-140.196504015511,-98.752866484808,-119.474685250159,451.243460500453,355.973942784726,167,283,5,655,0
3809433636.26239,213.876787662506,3.56461312770843,0.0594102187951406,-3.66682529380785e-05,161.302129502013,96.3736733206343,102.538858849416,96.4716316525829,0.0920718419062307,0.23326041819503,0.16266613005063,96.4226524866086,76.065261403129,123,227,5,656,0
3809433636.36184,213.976237297058,3.56627062161763,0.0594378436936273,-0.000119200001211492,161.297161870151,137.226964606308,147.066881973573,137.076448794613,0.0211957796901134,0.150250566848669,0.0857231732693914,137.151706700461,108.195327062847,134,241,5,657,0
3809433636.41117,214.025562524796,3.56709270874659,0.0594515451457765,6.9890160901125e-05,161.321602371494,4.31905356328218,4.1616392091102,4.13995671307044,-0.0661119948133331,0.204385929572281,0.0691369673794741,4.22950513817631,3.33654391001056,100,186,5,658,0
3809433636.83582,214.450215339661,3.57417025566101,0.0595695042610168,0.000137365708346653,161.2772866532,113.418662919039,120.825202625825,113.521951958132,0.300864805151891,0.224210822289544,0.262537813720717,113.470307438586,89.5137021666992,131,235,5,659,0
3809433636.93730,214.551698207855,3.57586163679759,0.0595976939466265,0.000492689213189361,161.366439880279,114.804860614936,123.467946379684,114.634324945183,0.320920325370891,0.0559105714322136,0.188415448401552,114.719592780059,90.4992300858727,135,242,5,660,0
3809433637.19212,214.806510210037,3.58010850350062,0.0596684750583437,-0.000208998566262754,161.322484775587,102.269206808139,109.281781554195,102.970698579276,-0.342523152821953,0.116269534348418,-0.113126809236768,102.619952693708,80.954146411889,125,230,5,661,0
3809433637.58092,215.19531750679,3.58658862511317,0.0597764770852195,0.000144446058866482,161.310077322693,259.821179228679,265.552288103637,260.244965294549,-2.00877982981916,-2.09686579905356,-2.05282281443636,260.033072261614,205.133162228507,138,248,5,663,0
3809433638.10819,215.722582101822,3.5953763683637,0.0599229394727283,-4.11802381944815e-06,161.304974806686,2.96554368423315,3.10754083332954,2.79551263602698,0.106775364040004,-0.0877769453989791,0.00949920932051255,2.88052816013006,2.27237191498956,104,184,5,664,0
3809433639.10446,216.718849420547,3.61198082367579,0.0601996803945965,0.000369744930741576,161.383220722534,4.32451572172653,4.42666637551129,4.16269066757589,-0.13810287202318,0.0716318079379674,-0.0332355320426065,4.24360319465121,3.34766549112645,90,170,5,665,0
3809433639.80901,217.423403978348,3.62372339963913,0.0603953899939855,5.89642170640901e-05,161.368230238277,221.399379593651,238.744830329012,221.327411654276,-0.0584685578969123,-0.207868043119862,-0.133168300508387,221.363395623964,174.627684667351,157,271,5,666,0
3809433640.13797,217.752359390259,3.62920598983765,0.0604867664972941,-0.000327610731330462,161.497674752225,140.521847790511,150.284510905535,139.91557346424,0.360151691119989,0.296570612393863,0.328361151756926,140.218710627376,110.61480474168,141,250,5,667,0
3809433640.22489,217.839281320572,3.6306546886762,0.0605109114779366,0.000628987327576866,161.469522909276,189.123590162644,203.391844563526,189.159437125589,0.527771765355166,0.530341145163711,0.529056455259438,189.141513644116,149.20870051279,143,254,5,669,0
3809433640.91523,218.529628515244,3.64216047525406,0.0607026745875676,-0.084192830791875,179.692595163408,492.588335503708,405.974147609928,401.870998648268,15.2334785422149,10.5223006622145,12.8778896022147,447.229667075988,352.807568098108,156,265,5,670,0
3809433641.26371,218.878108501434,3.64796847502391,0.0607994745837318,-0.104456940222144,183.261513887471,463.004736029922,418.240161012923,432.227842990054,-85.5090893004823,8.23558274954737,-38.6367532754675,447.616289509988,353.112564234889,149,243,5,671,0
3809433641.52006,219.134452819824,3.6522408803304,0.0608706813388401,6.12450611129875e-05,161.375105058551,151.523231630085,162.809135645605,151.362600747185,0.123756443609345,0.167569800153098,0.145663121881221,151.442916188635,119.469281444426,140,250,5,672,0
3809433641.67456,219.288958072662,3.65481596787771,0.0609135994646284,-0.000262485268774766,161.38707068971,89.2375131020823,95.4693994007166,89.1916026568692,0.213793958157958,0.0513671354273516,0.132580546792655,89.2145578794757,70.3789876244006,120,224,5,673,0
3809433643.26345,220.8778424263,3.68129737377167,0.0613549562295278,-0.000462524834083144,161.41314151357,198.561564573965,214.427867914468,198.23170415316,0.35410820763342,0.303428511512663,0.328768359573041,198.396634363562,156.509818649319,150,261,5,674,0
3809433643.92053,221.534918785095,3.69224864641825,0.0615374774403042,-6.37668067097071e-05,161.33613324784,329.748255318362,339.168055095148,203.482658114549,-2.95464942880932,-3.28585567602027,-3.12025255241479,266.615456716455,210.325829939893,281,395,5,676,0
3809433643.93823,221.552628517151,3.69254380861918,0.0615423968103197,2.1109503387787e-05,161.324239318338,337.946566246676,351.838524440898,337.977739065762,-3.64163392113528,-3.99657672987394,-3.81910532550461,337.962152656219,266.609337362191,164,280,5,677,0
3809433644.04359,221.65798330307,3.69429972171783,0.0615716620286306,-1.6329204221608e-05,161.347099252177,177.484916506211,191.001366338503,177.524773926918,0.269981815719011,0.151384689334458,0.210683252526734,177.504845216564,140.028842844736,148,259,5,678,0
3809433644.11407,221.728462934494,3.69547438224157,0.0615912397040261,0.000122624144203335,161.365417029986,152.113763165871,163.670883935889,152.033661232561,0.0591475497052066,0.287632235897856,0.173389892801531,152.073712199216,119.966899609862,139,248,5,679,0
3809433644.43799,222.0523853302,3.70087308883667,0.0616812181472778,8.5634339737695e-05,161.36241371578,227.294880428135,244.025220987361,227.136106420304,0.542541248032521,0.428120841659031,0.485331044845776,227.215493424219,179.244248695134,153,267,5,680,0
3809433644.54340,222.15779042244,3.70262984037399,0.0617104973395666,-0.0034652600040783,161.906225983854,111.255434295404,118.816887511395,111.462623824324,0.912202091948871,0.914389825450874,0.913295958699872,111.359029059864,87.8481709079056,125,228,5,681,0
3809433645.10226,222.716658115387,3.71194430192312,0.0618657383653853,-5.00483502822873e-05,161.318034291033,345.637745429575,357.572156906952,345.737793281923,-3.03983720783025,-3.45374381444825,-3.24679051113925,345.687769355749,272.703870530439,157,273,5,682,0
3809433646.59936,224.213758230209,3.73689597050349,0.0622815995083915,5.84435577182514e-05,161.341317060341,178.881217221476,191.516808237346,178.987271219676,0.257984564139139,0.482814714585173,0.370399639362156,178.934244220576,141.156457633228,147,257,5,683,0
3809433647.00528,224.619677782059,3.74366129636765,0.0623943549394608,-9.86792743032564e-05,161.328512279294,134.920928733695,144.888009322614,134.779910576236,0.437388672620392,0.148287796303081,0.292838234461736,134.850419654965,106.379903029541,135,240,5,685,0
3809433647.61709,225.231479406357,3.75385799010595,0.0625642998350991,0.000232640786763019,161.360549416409,648.970873073455,612.546864333464,643.165841912511,-25.5522878266255,-44.1340115095534,-34.8431496680895,646.068357492983,509.66611298957,165,284,5,686,0
3809433647.65435,225.268743991852,3.75447906653086,0.0625746511088477,0.000172995234325782,161.278371468868,98.4103133952158,106.5604652971,98.167698553174,-0.0617505557730049,0.0292304807987133,-0.0162600374871458,98.2890059741949,77.5375779412331,131,236,5,687,0
3809433648.05041,225.664806842804,3.76108011404673,0.0626846685674455,-0.000138198443272178,161.346613454572,131.320882370097,140.999708624113,131.421929008301,0.207079713412736,0.374137323462761,0.290608518437749,131.371405689199,103.635401608904,133,239,5,692,0
3809433648.63900,226.253390073776,3.77088983456294,0.0628481639093823,2.31352444031729e-05,161.32798224677,184.787703543812,199.691846058723,184.666266277006,0.45672341502978,0.65178016838092,0.55425179170535,184.726984910409,145.726196418146,145,255,5,693,0
3809433648.83272,226.447110891342,3.7741185148557,0.062901975247595,-0.000117562388592233,161.326276102349,3.46537073832881,3.95492710181801,3.69306144478715,0.133088901781594,0.0594404505209741,0.0962646761512843,3.57921609155798,2.8235482078286,129,211,5,694,0
3809433649.76934,227.383731126785,3.78972885211309,0.0631621475352181,-0.000150017101232438,161.453895676,168.86916789756,181.191487685994,168.922837028638,0.850374504283525,0.323728244494526,0.587051374389025,168.896002463099,133.237556175748,142,251,5,695,0
3809433649.80727,227.421661376953,3.79036102294922,0.0631726837158203,-2.66665672198393e-05,161.314637035074,142.038515464745,152.063334743564,141.940344392001,0.145482120738134,0.118094214548026,0.13178816764308,141.989429928373,112.011678018119,134,241,5,696,0
3809433649.95364,227.5680372715,3.79280062119166,0.0632133436865277,2.90225595216526e-05,161.325056118191,185.405808577028,199.19325845749,185.301915548956,0.0829466567809396,0.195279481340709,0.139113069060825,185.353862062992,146.220723100924,155,268,5,697,0
3809433650.15365,227.768045663834,3.79613409439723,0.0632689015732871,0.000181683364673835,161.30827884982,3.84150421203578,3.90732620021915,3.80616143377108,0.140520863937379,0.139740662766231,0.140130763351805,3.82383282290343,3.01651982947067,100,178,5,698,0
3809433651.15439,228.768788337708,3.81281313896179,0.0635468856493632,-0.00092664074122932,161.52582980378,143.623113706161,154.083603174317,143.261802619878,-0.602360682068331,0.221272017966879,-0.190544332050726,143.442458163019,113.157933277067,137,245,5,699,0
3809433651.35894,228.973329305649,3.81622215509415,0.0636037025849024,-0.00122903775483339,161.563064841572,210.004896167517,205.748336208502,205.748336208502,-46.7689747625641,0,-23.3844873812821,207.876616188009,163.988323720247,150,266,5,700,0
3809433651.76668,229.381073713303,3.82301789522171,0.0637169649203618,1.53785917824831e-05,161.344546104119,174.768608086595,184.238047135385,181.87933920597,0.179665807621999,0.239984054344271,0.209824930983135,178.323973646282,140.675031437587,300,417,5,702,0
3809433652.17245,229.786843538284,3.82978072563807,0.0638296787606345,0.000524848252841579,161.504138586638,279.102681222183,189.193167964435,277.413125185626,-59.3880914177622,-61.4149024853462,-60.4014969515542,278.257903203904,219.510245765445,142,260,5,703,0
3809433652.37608,229.990476846695,3.83317461411158,0.0638862435685264,-8.49144215404805e-05,161.356472650057,196.59599719928,211.56714432118,196.518993912877,0.601981033710307,0.424753474654139,0.513367254182223,196.557495556078,155.058971047223,150,263,5,704,0
3809433652.67884,230.293238639832,3.83822064399719,0.0639703440666199,0.0221954014003644,164.464918346456,120.519096679588,127.218678071977,118.198529716211,3.19575806339846,3.8846131625625,3.54018561298048,119.3588131979,94.158987463308,131,239,5,705,0
3809433652.76632,230.380711317062,3.83967852195104,0.0639946420325173,-9.89704219997937e-05,161.355044495049,379.542905241566,318.214337412684,404.713029788166,-74.7021786758103,-68.7549228782695,-71.7285507770399,392.127967514866,309.339305477397,150,265,5,707,0
3809433652.86566,230.480054855347,3.84133424758911,0.0640222374598185,-0.0714988774131955,280.987839562588,453.235517369074,451.125150145223,451.125150145223,113.392499870573,0,56.6962499352864,452.180333757149,356.713017134314,72,158,5,708,0
3809433653.28157,230.895959377289,3.84826598962148,0.0641377664936913,0.000714015365243527,161.485558295888,169.63534270823,183.898539267833,169.580434083974,0.265360605855196,0.29453410669013,0.279947356272663,169.607888396102,133.799144020374,148,259,5,709,0
3809433653.36872,230.983112812042,3.84971854686737,0.0641619757811228,-0.000236025361502064,161.346073839603,198.025900266871,211.310352368704,197.286119078045,0.285772399598512,-0.0952009479312133,0.0952857258336493,197.656009672458,155.925559564159,149,263,5,710,0
3809433653.48735,231.101741552353,3.85169569253922,0.0641949282089869,2.28959653166962e-05,161.310902342474,125.382584515866,134.092264269485,125.520619044639,0.111978464903349,0.024228472715506,0.0681034688094275,125.451601780253,98.9654260359769,131,237,5,711,0
3809433653.83651,231.450900793076,3.85751501321793,0.0642919168869654,0.0382000611832701,172.211057641936,440.831277427753,648.383336329603,642.648101794981,-34.3639765495365,-64.128528636498,-49.2462525930173,541.739689611367,427.364006693983,167,277,5,712,0
3809433654.09624,231.7106320858,3.86184386809667,0.0643640644682778,2.90283251778136e-05,161.314912053959,304.816376869115,318.163000485671,308.271404737191,-3.63357890690605,-3.57611094058273,-3.60484492374439,306.543890803153,241.824307713506,143,253,5,713,0
3809433654.65627,232.270658969879,3.87117764949799,0.0645196274916331,-0.000481446352613017,161.375789059533,161.670430785277,173.601102566762,161.634489625335,0.686083899660458,0.510501089643915,0.598292494652187,161.652460205306,127.523318689903,139,247,5,716,0
3809433655.75528,233.36967587471,3.88949459791183,0.0648249099651972,-0.454592691349097,243.518044155863,294.989456272712,280.625742315557,280.625742315557,62.3083285990937,0,31.1541642995468,287.807599294135,227.043746563141,75,166,5,717,0
3809433656.57858,234.192976713181,3.90321627855301,0.0650536046425502,8.11146725862945e-05,161.293809284748,120.8032900029,128.514876761461,120.753703254154,-0.174834036263411,-0.251597051870324,-0.213215544066868,120.778496628527,95.2789378948246,130,237,5,718,0
3809433657.39007,235.004459857941,3.91674099763234,0.0652790166272057,9.04751284422863e-05,161.344724997443,102.000249147521,108.581662240762,101.794708117623,0.501830218498326,0.374370418258222,0.438100318378274,101.897478632572,80.3842058750956,127,231,5,719,0
3809433658.34005,235.954444646835,3.93257407744726,0.0655429012907876,4.31835872539045e-06,161.296427585981,91.2232421305563,96.1686066748792,91.1522359868221,-0.0629271061498541,-0.257157053091656,-0.160042079620755,91.1877390586892,71.9355776820476,120,222,5,720,0
3809433658.50176,236.116153001785,3.93526921669642,0.0655878202782737,0.000118149152533334,161.375181475565,7.69879625909895,7.84869474162336,7.56416602086184,-0.10333693177456,0.189123811415623,0.0428934398205313,7.6314811399804,6.02027213352462,104,193,5,721,0
3809433661.16953,238.783928632736,3.97973214387894,0.066328869064649,-2.18343262486405e-06,161.309827344675,115.730023666114,123.604617959679,115.612389616397,0.0807356879305101,0.511329814089677,0.296032751010093,115.671206641255,91.249932905594,128,233,5,725,0
3809433662.89557,240.509963274002,4.00849938790003,0.0668083231316672,-9.35338123680682e-05,161.318487858302,5.81571042827722,5.3836019125197,6.04188506607515,-0.0606496695273343,0.25313746789535,0.0962438991840079,5.92879774717618,4.67707057226901,107,197,5,726,0
3809433663.64542,241.259811639786,4.0209968606631,0.0670166143443849,-0.000150705883628096,161.375944498387,18.2987860885999,19.3830653988421,18.0760653363077,-0.844218244207129,-0.731461097253735,-0.787839670730432,18.1874257124538,14.3475755477679,107,202,5,728,0
3809433663.75982,241.374215841293,4.02290359735489,0.0670483932892482,-0.000112917789660041,161.333806310672,179.602333301253,193.684444926546,179.58148330085,0.18650796313685,0.31255959423001,0.24953377868343,179.591908301051,141.675271303115,145,256,5,730,0
3809433663.96440,241.578793287277,4.02631322145462,0.067105220357577,0.000173546930775358,161.399944422882,130.688427347597,141.378127802904,130.542088201968,0.28208485536722,0.0928056970837037,0.187445276225462,130.615257774782,103.038896666483,135,243,5,732,0
3809433664.00438,241.6187748909,4.02697958151499,0.0671163263585832,-0.000583125766611213,161.42919113236,113.816751849941,120.230432822893,114.1358597445,0.268544108491683,0.374756946120173,0.321650527305928,113.97630579722,89.9128707896996,131,239,5,733,0
3809433665.96410,243.578494548798,4.05964157581329,0.0676606929302216,0.0001223141272806,161.482535712192,223.13180069576,241.283002922992,223.445862339069,0.10191376317599,-0.237490707132427,-0.0677884719782181,223.288831517414,176.146609741214,156,269,5,735,0
3809433666.00256,243.616950511932,4.06028250853221,0.0676713751422034,-2.79862053656184e-05,161.444599118366,197.522864746912,212.521153274368,197.525580944536,0.37862404108439,0.303927076979108,0.341275559031749,197.524222845724,155.821596447957,153,266,5,736,0
3809433667.02287,244.637260198593,4.07728766997655,0.0679547944996092,-0.0238798331358754,165.671233842254,126.900389835024,106.793040032823,100.803690542987,4.01954631335251,4.09281674526656,4.05618152930954,113.852040189005,89.8148409623869,116,212,4,737,0
3809433667.14471,244.759105682373,4.07931842803955,0.0679886404673258,-7.4562104057307e-05,161.229531009983,126.354286669977,134.217858231102,126.099325381062,0.443525129440409,0.428661709793187,0.436093419616798,126.226806025519,99.5769640100562,125,229,4,738,0
3809433667.79850,245.412890911102,4.09021484851837,0.0681702474753062,8.24005506591658e-05,161.380881418961,112.978988556064,121.122705978997,112.850937516813,0.593736330743979,0.308573226429696,0.451154778586837,112.914963036438,89.075605764778,122,225,4,739,0
3809433669.07486,246.689253091812,4.1114875515302,0.0685247925255034,6.20922717144463e-05,161.614195738707,80.398511752783,87.495091600046,80.6554810182219,0.208334933401509,0.247387529821237,0.227861231611373,80.5269963855024,63.5256018384556,128,232,4,740,0
3809433670.32077,247.935162067413,4.13225270112356,0.0688708783520593,1.29323603132844e-05,161.747142881971,80.805894417047,86.2184148889031,81.1151234683256,0.00532733167614975,-0.216018920137632,-0.105345794230741,80.9605089426863,63.8675883440468,119,222,4,741,0
3809433670.50469,248.119088411331,4.13531814018885,0.0689219690031476,-1.22614614063444e-05,161.761394257974,9.43761754777144,9.71496843441455,9.53327150664407,0.102343772715937,0.190823743566872,0.146583758141404,9.48544452720775,7.48281445158484,89,176,4,744,0
3809433671.73278,249.347177505493,4.15578629175822,0.069263104862637,9.75424707694819e-05,161.848511083607,6.45873805289669,7.02122112664529,6.66199847662664,0.137804469640813,0.118926029901465,0.128365249771139,6.56036826476166,5.17529972564479,98,177,4,745,0
3809433672.16993,249.784327745438,4.16307212909063,0.0693845354848438,1.94016333226605e-05,161.850681599959,13.839181481204,14.9041579842252,14.0306538644695,-0.0658030773988904,-0.201620308199322,-0.133711692799106,13.9349176728367,10.992885261714,95,187,4,746,0
3809433672.49278,250.107177734375,4.16845296223958,0.0694742160373264,8.85119433043787e-05,161.864999888699,6.23222040573425,6.07461484293803,6.0623544808407,-0.0358075143886821,0.264542338486404,0.114367412048861,6.14728744328747,4.84943127195941,94,179,4,747,0
3809433672.53227,250.146667480469,4.16911112467448,0.0694851854112413,3.65494675183684e-05,161.869891829092,185.137112999295,196.944149658184,184.836817264684,0.449245775005963,-0.14941961297739,0.149913081014287,184.98696513199,145.93128788788,133,240,4,748,0
3809433672.86441,250.478802442551,4.17464670737584,0.0695774451229307,6.13497769331048e-05,161.85891215465,119.384649973741,127.446870590184,119.236240919588,-0.0259683307485531,-0.0822484138794777,-0.0541083723140154,119.310445446665,94.1208314330984,123,227,4,749,0
3809433672.99155,250.605941295624,4.1767656882604,0.0696127614710066,9.77433536295338e-05,161.883223492214,77.2230270415795,84.4445823510248,77.297750912004,0.085919475264973,-0.0499079957054858,0.0180057397797436,77.2603889767917,60.9486622911901,131,238,4,750,0
3809433674.14266,251.75705742836,4.19595095713933,0.0699325159523222,4.03522930389264e-05,161.935463936911,9.12186814459141,9.62156713171257,9.03742776760228,0.0851951651209013,-0.0504483964561873,0.017373384332357,9.07964795609684,7.16269234892507,95,182,4,751,0
3809433675.07210,252.686496019363,4.21144160032272,0.0701906933387121,0.000108184928444843,161.968760769072,83.3246406467231,89.203439832294,82.9240073652206,0.0532961171756788,-0.302751386748203,-0.124727634786262,83.1243240059719,65.5745643934736,121,222,4,752,0
3809433675.56420,253.178591966629,4.21964319944382,0.0703273866573969,-9.91018179689457e-05,161.96932811554,7.55514771187827,7.63662947612231,7.78250398925222,0.0906224556975082,-0.151259701413032,-0.0303186228577618,7.66882585056524,6.04973238066992,93,183,4,754,0
3809433676.35575,253.970141410828,4.23283569018046,0.0705472615030077,7.12653584072564e-05,161.965159540011,10.72745583891,11.0372409711508,10.9216099671039,0.237396553692509,0.13103817940994,0.184217366551224,10.8245329030069,8.53918559177103,90,181,4,757,0
3809433677.19916,254.813558101654,4.24689263502757,0.0707815439171261,3.25627026427357e-05,162.091897262937,87.373456654733,94.9297784418881,87.4616429036428,0.20868570629905,0.0660621000766019,0.137373903187826,87.4175497791879,68.9613758146558,129,231,4,758,0
3809433678.23337,255.847767353058,4.2641294558843,0.0710688242647383,0.000463134594488158,162.097033246501,3.90110205401659,4.28461802321961,3.66816542453365,0.147378440804834,0.103996882045296,0.125687661425065,3.78463373927512,2.98559671684042,121,193,4,759,0
3809433678.88330,256.497688770294,4.2749614795049,0.0712493579917484,-9.94235141652495e-05,162.022405107278,9.96528902719525,10.1945560458734,10.2938209553981,-0.0573760436872295,0.201394804278527,0.0720093802956487,10.1295549912967,7.99093603463524,93,183,4,1,1
3809433679.79128,257.405676841736,4.29009461402893,0.0715015769004822,7.85387780027883e-06,162.099752343856,2.68580953941853,2.87118630577551,1.6674751871348,0.51648925961871,0.637410554601173,0.576949907109941,2.17664236327666,1.71709516461143,6564,5261,4,2,1
3809433681.00542,258.61981678009,4.31033027966817,0.0718388379944695,-8.38546006006491e-05,162.102034883609,4.97864370295113,5.46620847440113,4.99236027223993,-0.0708505880852699,0.0975844064809089,0.0133669091978195,4.98550198759553,3.93292968127941,114,208,4,3,1
3809433682.00124,259.61563038826,4.32692717313766,0.0721154528856277,4.69076467054332e-05,162.082323738803,11.8312042428404,12.1308832609471,11.8743929638687,-0.167944424622462,-0.141832640525747,-0.154888532574105,11.8527986033545,9.35035700504112,93,187,4,4,1
3809433682.63395,260.248342752457,4.33747237920761,0.0722912063201269,8.27373417546036e-06,162.147754485895,2.22595159253894,2.28248995736634,2.99714941839801,0.314532561865158,0.324994216200056,0.319763389032607,2.61155050546847,2.06018261003058,3082,4136,4,5,1
3809433683.97565,261.590040445328,4.35983400742213,0.0726639001237021,-0.000177140329151746,162.184001573985,6.80374083036988,6.52292696943597,6.60808601640683,-0.0281614254351601,0.046182101609129,0.00901033808698444,6.70591342338835,5.29011642329202,111,201,4,6,1
3809433684.98581,262.600198745728,4.37666997909546,0.072944499651591,-0.00148283926907787,162.404156987479,135.7919110468,146.759639998055,136.022793849326,0.657901397701003,0.402450028956522,0.530175713328763,135.907352448063,107.213689148459,145,254,4,7,1
3809433685.37292,262.987315893173,4.38312193155289,0.0730520321925481,-8.78537641881535e-05,162.172695831921,24.2237090845787,25.8817910007663,24.2534021669742,-1.39875088013628,-1.54504281148698,-1.47189684581163,24.2385556257765,19.1211507064176,101,196,4,8,1
3809433686.20182,263.816214084625,4.39693690141042,0.0732822816901737,-9.55468271943972e-05,162.222781782266,160.585714648976,172.585010793307,160.69872686935,0.283380843021391,0.481872720065365,0.382626781543378,160.642220759163,126.726367708272,139,246,4,9,1
3809433689.08717,266.70155954361,4.44502599239349,0.0740837665398916,6.7615023114866e-05,162.237057022693,4.12296712642881,4.80715150050681,4.19801310466345,0.189620712643178,0.0907103472802726,0.140165529961725,4.16049011554613,3.28209979753568,108,184,4,10,1
3809433689.67960,267.293993711472,4.45489989519119,0.0742483315865199,0.000350287230835504,162.24754686824,7.25787218569932,7.06535226337073,6.9737743845069,-0.0471802302814384,0.0207234165304871,-0.0132284068754757,7.11582328510311,5.61348339131215,90,179,4,11,1
3809433693.16848,270.782872438431,4.51304787397385,0.0752174645662308,5.40836414327698e-05,162.308261902331,4.76058059076306,4.82194272932655,4.68916631586159,0.0102669138986255,0.155099937785448,0.0826834258420366,4.72487345331233,3.72732677492793,91,168,4,13,1
3809433693.56819,271.182588100433,4.51970980167389,0.0753284966945648,0.000306788521196911,162.291774210379,9.24059924607566,9.27066543971406,9.24135413654748,-0.0245453829080195,0.0959933118386039,0.0357239644652922,9.24097669131157,7.28996028959543,96,189,4,14,1
3809433694.91931,272.53370141983,4.54222835699717,0.0757038059499529,-0.00013789295704847,162.285208033084,39.704456771886,43.061807584928,39.6806768033283,-1.49501862672388,-1.56609267719904,-1.53055565196146,39.6925667876071,31.3124083459518,105,204,4,15,1
3809433695.91275,273.527148246765,4.55878580411275,0.0759797634018792,-2.69681966021718e-05,162.296680078515,6.7661284462052,6.91366996829361,6.58392439666619,-0.0172879880004676,0.351598403789887,0.16715520789471,6.67502642143569,5.26575049042355,86,168,4,16,1
3809433696.19780,273.812195777893,4.56353659629822,0.076058943271637,-1.64342548144079e-05,162.274786635832,183.430331307491,197.391727721316,183.019642802543,-0.0118296023421528,-0.0817266175992537,-0.0467781099707033,183.224987055017,144.541310330168,139,247,4,17,1
3809433697.17406,274.788451433182,4.57980752388636,0.076330125398106,2.97522012594588e-05,162.162441205913,94.8038829358611,103.064651888324,95.0376420170028,-0.0308863699163994,-0.135119997137555,-0.0830031835269774,94.9207624764319,74.8804603913678,215,349,5,19,1
3809433697.32041,274.934804677963,4.58224674463272,0.076370779077212,-8.12242133480855e-05,162.350680470927,8.4193847176757,8.19123092835262,8.2954337395284,-0.0315810274263782,-0.0136746157892143,-0.0226278216077963,8.35740922860205,6.59293746057055,99,185,5,20,1
3809433697.38017,274.994563817978,4.58324273029963,0.0763873788383272,9.11615132377335e-05,162.348667565203,152.406196935265,162.276289139516,152.219037575567,0.286238728400461,-0.06143091706147,0.112403905669496,152.312617255416,120.155365443167,128,234,5,21,1
3809433697.43617,275.050561189651,4.58417601982752,0.0764029336637921,-6.67999713390098e-05,162.339627232796,125.165062498214,135.09234784774,125.156329797942,0.430149990854126,0.0623696078453152,0.246259799349721,125.160696148078,98.7359383338203,126,232,5,22,1
3809433697.64367,275.258061647415,4.58763436079025,0.0764605726798375,-4.49196247909179e-05,162.31915110482,102.184251831901,108.928551649069,102.043519117219,0.198068838968794,-0.00315992874441308,0.0974544551121902,102.11388547456,80.5549234666649,113,214,5,23,1
3809433697.67468,275.289069890976,4.5881511648496,0.0764691860808267,-9.65742196573747e-07,162.343156104499,164.885795098946,176.41917966388,164.820446960165,0.326079271387185,0.444924110045676,0.38550169071643,164.853121029555,130.048234733807,129,232,5,24,1
3809433697.69362,275.30801653862,4.58846694231033,0.0764744490385056,-0.00020651993939992,162.377355082383,22.4961602141466,24.2734044010565,22.3932607402393,0.0608687246074475,0.149673236925505,0.105270980766476,22.444710477193,17.7060340649967,93,183,5,25,1
3809433697.90108,275.515470981598,4.59192451635997,0.0765320752726661,-0.00016412690745667,162.352074878861,6.14464722854383,6.81590695139556,6.18509107544311,0.158929001148698,0.129406767285897,0.144167884217298,6.16486915199347,4.86330101349987,103,186,5,26,1
3809433698.80533,276.419719219208,4.60699532032013,0.0767832553386688,-0.000118098007812775,162.401708804012,181.503948094616,194.179375512234,181.184662978937,0.440594180872526,0.53798384207714,0.489289011474833,181.344305536777,143.057690790445,135,242,5,27,1
3809433698.82993,276.444325685501,4.60740542809168,0.0767900904681948,-0.000508757648251678,162.421369741971,167.287151332958,180.701731196439,167.443501824194,0.171341934344178,0.0752576085009007,0.123299771422539,167.365326578576,132.030046754703,138,245,5,28,1
3809433699.01812,276.632515192032,4.6105419198672,0.07684236533112,-4.06161516138172e-05,162.293163272051,8.72406631466076,8.89505746213789,8.81261484304649,0.0661122059347484,0.00326280153304198,0.0346875037338952,8.76834057885362,6.91711025368022,110,201,5,29,1
3809433699.51653,277.130924463272,4.61884874105453,0.0769808123509089,5.78132644169091e-05,162.302952541174,135.775513420673,145.016274327779,135.677918672478,0.684074813899318,0.321131313216464,0.502603063557891,135.726716046575,107.071189904311,129,234,5,30,1
3809433699.65704,277.271433830261,4.62119056383769,0.0770198427306281,-7.120144645963e-05,162.310383284632,166.637778493388,178.94307002442,166.628724023348,0.264197419056193,0.31254704680507,0.288372232930632,166.633251258368,131.452532040449,141,250,5,31,1
3809433699.93806,277.552451610565,4.62587419350942,0.077097903225157,-2.57868491117626e-05,162.337842867199,89.5531981050051,93.6543307309595,89.38431144394,0.141111828358526,0.15066475789806,0.145888293128293,89.4687547744725,70.5795167818875,115,216,5,32,1
3809433700.09342,277.70781493187,4.62846358219783,0.0771410597032971,1.1388334893517e-05,162.317359531603,126.719256687329,135.444108076262,126.931567817197,0.379094909184929,0.401533172834742,0.390314041009835,126.825412252263,100.049188512708,131,237,5,33,1
3809433700.44866,278.063052415848,4.6343842069308,0.0772397367821799,-0.000231240077274309,162.359714805194,168.279844491913,181.014920735404,168.646186451023,0.159973374224905,0.691403657429634,0.425688515827269,168.463015471468,132.895984274818,142,251,5,34,1
3809433700.59468,278.209069013596,4.63681781689326,0.077280296948221,-0.000242658285985137,162.354707284181,148.699961948189,159.737707882058,148.617447772051,0.354546981955717,0.112856210668297,0.233701596312007,148.65870486012,117.272891311573,141,252,5,35,1
3809433700.94955,278.563942909241,4.64273238182068,0.0773788730303446,-8.92576392381919e-05,162.290096451317,11.0467745101821,12.1329115452818,10.8332879577671,-0.0846947352498884,0.0330556273519318,-0.0258195539489783,10.9400312339746,8.63029914766396,103,196,5,41,1
3809433701.20554,278.819931268692,4.6469988544782,0.07744998090797,3.25439514131686e-05,162.311259186088,112.954495607736,120.473868486928,112.580902466553,0.535475321084205,0.38411406913672,0.459794695110463,112.767699037145,88.9594331195263,134,240,5,42,1
3809433701.70790,279.322293043137,4.65537155071894,0.0775895258453157,-0.000209074213220111,162.370924685458,136.820012164992,146.677908875494,136.709170821925,0.137217792335614,0.184116003460924,0.160666897898269,136.764591493459,107.889942190575,140,250,5,44,1
3809433702.07328,279.687677383423,4.66146128972371,0.0776910214953952,-0.000129571703884972,162.31830831624,207.184162983127,222.910783210385,207.033137563963,0.349061015156585,0.230998563023357,0.290029789089971,207.108650273545,163.382495872475,157,271,5,46,1
3809433702.36027,279.974663972855,4.66624439954758,0.0777707399924596,6.0592817875887e-05,162.321244013541,122.512592065285,131.146440364485,122.281817945653,0.0809102513981505,0.158482976132408,0.119696613765279,122.397205005469,96.5558938035477,135,240,5,47,1
3809433702.61144,280.225832700729,4.67043054501216,0.0778405090835359,0.000180104955279231,162.319512241954,163.707600302882,175.337474571829,163.738148624068,0.253469720024728,0.0414440354417609,0.147456877733244,163.722874463475,129.156613332801,145,255,5,48,1
3809433702.64980,280.264194011688,4.6710699001948,0.0778511650032467,-0.000245666298248446,162.383932606231,101.2277419628,108.882122151685,100.845917716131,0.252479036364333,0.190557923819274,0.221518480091804,101.036829839465,79.7052629738613,148,257,5,49,1
3809433702.78434,280.398729324341,4.67331215540568,0.077888535923428,0.00018878687455372,162.383853253857,121.478535788648,129.668643431305,121.763913804579,0.20944928529774,0.229823267044307,0.219636276171024,121.621224796614,95.9437436924685,136,244,5,50,1
3809433702.96716,280.581548929214,4.67635914882024,0.077939319147004,4.52795844938658e-05,162.322390112566,5.45611955256749,5.60847149082564,5.49181099493755,-0.171209313158032,-0.173385155943271,-0.172297234550652,5.47396527375252,4.318265352817,94,173,5,51,1
3809433703.04898,280.663373947144,4.67772289911906,0.077962048318651,9.86373380080153e-05,162.372273384362,136.156940999606,145.262212880002,136.009780595377,0.371814348196337,0.240852207305221,0.306333277750779,136.083360797491,107.35253744565,132,239,5,52,1
3809433703.15133,280.765722513199,4.67942870855331,0.0779904784758886,-0.000618259740148467,162.451483213098,145.166301889972,154.407953367169,144.894996323801,0.537290296108212,0.308007324046113,0.422648810077162,145.030649106887,114.410814795962,137,245,5,54,1
3809433703.22986,280.844256877899,4.68073761463165,0.0780122935771942,-4.21565669262007e-05,162.332201535223,208.089129369066,225.275577585284,208.000249823888,0.116437323158626,0.361177608467593,0.238807465813109,208.044689596477,164.120912353938,151,264,5,55,1
3809433703.31637,280.930761575699,4.68217935959498,0.0780363226599163,-3.72075702308798e-05,162.340799826283,215.57661132697,231.460202929103,215.478721637397,0.309030128930801,0.11688654410229,0.212958336516546,215.527666482183,170.024033438102,153,266,5,56,1
3809433703.37270,280.987097263336,4.68311828772227,0.0780519714620378,4.69192230732903e-05,162.388708809471,117.408635079204,125.42221293559,117.271036100604,0.289672144015949,0.318447898730577,0.304060021373263,117.339835589904,92.5662698232229,130,235,5,57,1
3809433703.42320,281.0375893116,4.68395982186,0.0780659970309999,-2.44119549903173e-05,162.369134729293,199.441419711639,214.569833086358,199.174363355625,0.294221426790402,0.221821870361686,0.258021648576044,199.307891533632,157.228685150699,148,261,5,58,1
3809433703.52170,281.136090040207,4.68560150067012,0.0780933583445019,0.000572081797182797,162.40339275712,212.549131514422,228.283445975464,212.349401322438,-0.259368194336181,-0.0285906824971939,-0.143979438416688,212.44926641843,167.595565650563,155,267,5,59,1
3809433703.63461,281.249006748199,4.68748344580332,0.0781247240967221,9.2410516384618e-05,162.395188132909,92.1812669661355,98.416680062492,92.019596098472,0.127193541630112,0.112599382616946,0.119896462123529,92.1004315323037,72.655576456151,126,233,5,61,1
3809433703.88778,281.502169370651,4.69170282284419,0.0781950470474031,0.000387536640334207,162.430150679514,180.565992119323,194.89687745078,180.460671411819,0.441783213716821,0.308264055358132,0.375023634537477,180.513331765571,142.40215772331,146,258,5,64,1
3809433704.00072,281.615112543106,4.69358520905177,0.0782264201508628,3.19414873820772e-05,162.339665332197,257.946253731981,274.168775688314,257.896146005344,-1.3373709761437,-1.54525086021325,-1.44131091817848,257.921199868662,203.467162367714,156,270,5,65,1
3809433704.18343,281.79781961441,4.69663032690684,0.078277172115114,-3.41761796055625e-05,162.405099610518,152.278360903299,160.894901818191,128.650636458506,0.185184435128676,-0.639272121207379,-0.227043843039351,140.464498680902,110.808700388181,243,350,5,66,1
3809433704.33766,281.952050447464,4.69920084079107,0.0783200140131844,-2.83073204490321e-05,162.349622174968,109.361743929783,116.683031417349,109.206909277458,0.486893800162698,0.590610452895132,0.538752126528915,109.284326603621,86.2114934198042,126,231,5,68,1
3809433704.47282,282.08721280098,4.70145354668299,0.0783575591113832,-9.87599190069424e-07,162.338337855083,155.774404722037,168.638767412961,155.754543910279,0.187925759092805,0.240009518532246,0.213967638812525,155.764474316158,122.878443505016,139,248,5,69,1
3809433704.61166,282.226049423218,4.70376749038696,0.0783961248397827,-0.00025583705038093,162.357361689396,134.984250686269,144.49386228325,135.372706424275,-0.288081047422757,0.225433404914904,-0.0313238212539266,135.178478555272,106.638699954993,134,240,5,70,1
3809433704.82972,282.44411611557,4.7074019352595,0.0784566989209917,-0.000558018156792798,162.454374433261,163.721563951174,176.379311344024,163.541815779526,0.340928455604235,-0.0674460715966791,0.136741192003778,163.63168986535,129.084680232917,143,252,5,71,1
3809433705.15981,282.774202108383,4.71290336847305,0.0785483894745509,-0.000190570060291839,162.35020527504,193.055623922626,208.993547957549,192.810524310604,0.429894510582597,0.228780620464945,0.329337565523771,192.933074116615,152.19976154491,149,261,5,72,1
3809433705.23246,282.846849679947,4.71411416133245,0.0785685693555408,8.70525153061611e-05,162.328390686955,58.3196366308178,61.6368862062818,58.1089509186453,0.0828018114117402,0.01643943665181,0.0496206240317751,58.2142937747316,45.9237052619817,124,228,5,73,1
3809433706.56024,284.17463850975,4.73624397516251,0.0789373995860418,-5.76861763747795e-05,162.327932430543,158.509980670647,171.007554260889,158.528227191531,0.215152608167579,0.218300710575698,0.216726659371639,158.519103931089,125.051497412215,140,249,5,74,1
3809433708.90872,286.523111343384,4.7753851890564,0.0795897531509399,-0.000198994628086255,162.477120897852,202.925611768971,218.734639531082,202.820744748736,0.503769416530313,0.276807525864646,0.390288471197479,202.873178258853,160.041244852567,152,265,5,76,1
3809433709.00366,286.618058204651,4.77696763674418,0.0796161272790697,1.51110884159911e-05,162.367678137269,125.682123377313,135.02638076781,125.552419294774,0.117379042247157,0.250144190103445,0.183761616175301,125.617271336044,99.0961183343405,136,242,5,77,1
3809433709.10208,286.71647810936,4.77860796848933,0.0796434661414888,-0.000402523614157805,162.432942845157,113.16511733567,120.085464439019,113.36273842842,0.267218025069838,0.223542771080101,0.24538039807497,113.263927882045,89.3508948334464,128,232,5,78,1
3809433709.32476,286.939153671265,4.78231922785441,0.0797053204642402,-6.65184402882721e-06,162.395885955792,124.087840945731,132.315653785544,127.237419939148,-3.03771070236686,0.154444267210866,-1.441633217578,125.66263044244,99.1319009248007,133,242,5,80,1
3809433709.42432,287.038713693619,4.78397856156031,0.0797329760260052,2.33734259895476e-05,162.363814443503,109.273935752863,116.539491654076,109.160223294363,0.334740778903818,0.000314252241875725,0.167527515572847,109.217079523613,86.1584439901579,125,228,5,81,1
3809433709.51001,287.124407291412,4.78540678819021,0.0797567798031701,6.42561932375297e-06,162.362209396975,122.241557593266,130.736657544903,121.95711337194,0.522966704337891,0.356434711654445,0.439700707996168,122.099335482603,96.3209124735747,133,241,5,82,1
3809433709.56453,287.178925275803,4.78631542126338,0.0797719236877229,-0.00010809395776526,162.435043923215,185.47499063202,209.985197324026,275.362861570383,0.472228894301134,-107.755876518181,-53.6418238119399,230.418926101202,181.771351379805,238,351,5,83,1
3809433709.79488,287.409269332886,4.79015448888143,0.0798359081480238,3.04629341725781e-05,162.354696708101,123.793245598895,133.679941738171,124.117986207383,0.399813898310613,0.187546742662911,0.293680320486762,123.955615903139,97.7852826374757,131,236,5,84,1
3809433709.85280,287.46719622612,4.791119937102,0.0798519989517,1.56232181159374e-05,162.363263272179,127.13179492476,135.675344083961,127.074075937602,0.499242645112176,0.269256434200777,0.384249539656476,127.102935431181,100.26811915406,134,242,5,85,1
3809433710.03596,287.65035033226,4.79417250553767,0.0799028750922945,-0.000132502696808388,162.382658285573,141.213609551966,151.471991444134,141.115064828498,0.422909044835381,0.291138734546222,0.357023889690801,141.164337190232,111.36078434127,135,242,5,86,1
3809433710.27406,287.888449907303,4.79814083178838,0.0799690138631397,-2.07901580298517e-05,162.375438340854,153.913031455405,165.414616796775,154.064612707086,0.388563592377021,0.256450784151615,0.322507188264318,153.988822081245,121.477678768447,137,246,5,87,1
3809433710.42843,288.042828559875,4.80071380933126,0.0800118968221876,3.21011861277105e-05,162.376321854543,94.775802340945,102.108058476788,94.9693085058066,0.0972203114062016,0.0564002684956772,0.0768102899509394,94.8725554233758,74.8424311316697,138,246,5,88,1
3809433710.76897,288.383366823196,4.80638944705327,0.0801064907842212,0.00013984039433123,162.398037210806,201.439973496636,216.048499580625,201.142672721318,0.356961642354634,0.249045672241414,0.303003657298024,201.291323108977,158.793361472736,146,256,5,89,1
3809433710.83723,288.451621055603,4.80752701759338,0.0801254502932231,-0.000262441210654224,162.458318079406,100.327151979422,106.870048686667,100.268168144023,0.517388179062984,0.549553590503393,0.533470884783189,100.297660061722,79.1221516310873,124,226,5,90,1
3809433711.63529,289.24968457222,4.82082807620366,0.0803471346033944,3.96554028394097e-06,162.351120524807,138.451041746172,147.876317209652,138.599089932265,0.21603284019019,0.265521005607717,0.240776922898954,138.525065839219,109.2787334948,133,241,5,92,1
3809433712.51226,290.12665104866,4.83544418414434,0.0805907364024056,8.92832330651386e-05,162.370405015251,124.425210730926,133.238297078376,124.048159326791,0.365738881991334,-0.0826260641955466,0.141556408897894,124.236685028859,98.0070105817799,130,235,5,93,1
3809433712.91501,290.529407024384,4.84215678373973,0.0807026130623288,0.000134496090696179,162.349614583492,142.796826343839,153.098110713927,142.889411611007,0.200027017982896,0.0743138204310204,0.137170419206958,142.843118977423,112.685130562706,140,250,5,94,1
3809433712.98239,290.596787691116,4.84327979485194,0.080721329914199,0.000140959628817137,162.383047747076,215.87745920959,233.553489715937,215.5090761581,0.213310917552184,0.492216268877743,0.352763593214963,215.693267683845,170.154671813715,151,263,5,95,1
3809433713.23520,290.849590063095,4.84749316771825,0.0807915527953042,-5.62956025380648e-05,162.368287641246,207.670469211837,221.975123936624,207.717681461037,0.717417795201201,0.596871625647255,0.657144710424228,207.694075336437,163.844322106171,151,264,5,96,1
3809433713.31892,290.933315992355,4.84888859987259,0.0808148099978765,8.85212985905303e-05,162.364783984725,154.825182746278,167.776540801604,154.612970950789,0.539308834773983,0.147127024496455,0.343217929635219,154.719076848534,122.05375729701,138,246,5,97,1
3809433713.44985,291.064244031906,4.8510707338651,0.0808511788977517,-6.78371077935926e-05,162.415113822073,128.420530490531,137.473482794147,128.298306184227,0.365968696046573,0.358727405708857,0.362348050877715,128.359418337379,101.259325040268,131,236,5,98,1
3809433713.67430,291.288694620132,4.85481157700221,0.0809135262833701,-2.22607534596744e-05,162.368174190338,19.5022749288116,19.5498763620996,19.3240061162944,0.0583675063907581,0.0649065940349609,0.0616370502128595,19.413140522553,15.3145093027674,115,215,5,99,1
3809433713.83978,291.454169273376,4.85756948788961,0.0809594914648268,9.18721678567135e-09,162.364066838741,179.642561468152,193.312262468845,179.364736152299,0.368398858293756,0.56342190218151,0.465910380237633,179.503648810226,141.605645742442,145,256,5,100,1
3809433714.14387,291.758264541626,4.86263774236043,0.0810439623726739,0.000253897798216981,162.387588179197,278.668714353998,285.086028799801,278.596341095745,-2.53028178584885,-2.66953414371961,-2.59990796478423,278.632527724872,219.805777068314,145,257,5,102,1
3809433714.27077,291.885159730911,4.86475266218185,0.0810792110363642,0.000313068779503034,162.407387170837,154.635249893675,166.339092137344,154.477228119399,0.187367810622254,0.392730989348024,0.290049399985139,154.556239006537,121.925298862209,140,250,5,105,1
3809433714.33689,291.951284885406,4.86585474809011,0.0810975791348351,-3.45304823563527e-05,162.349566099919,236.442069765272,242.551781122986,236.612756752354,-1.07181394901845,-0.813192767967283,-0.942503358492868,236.527413258814,186.590174140213,136,244,5,106,1
3809433714.38439,291.998788118362,4.86664646863937,0.0811107744773229,-9.63694131123372e-05,162.382844501953,114.642453425296,121.145672382724,114.791794899016,0.260513913427899,0.106835050622528,0.183674482025214,114.717124162156,90.4972826589841,127,231,5,107,1
3809433714.46683,292.081219673157,4.86802032788595,0.0811336721314324,-0.00155975874466282,162.640614846458,165.986908771598,179.511979253559,166.030138225182,0.483587670074722,0.246850696927565,0.365219183501144,166.00852349839,130.959700956227,141,250,5,108,1
3809433714.58732,292.201710939407,4.87002851565679,0.0811671419276132,7.81719862754463e-05,162.347638016459,599.10381170058,608.146165808943,598.825920644603,-9.75013004402294,-10.124907339845,-9.93751869193399,598.964866172591,472.507423740867,175,297,5,109,1
3809433714.63330,292.247693777084,4.87079489628474,0.081179914938079,6.7602313423572e-05,162.366634397278,156.696491777235,169.042031166806,156.290990269918,0.521416393606419,0.509919961537882,0.51566817757215,156.493741023576,123.453742579475,141,250,5,110,1
3809433714.84764,292.462035179138,4.87436725298564,0.0812394542164273,-7.99007842875488e-05,162.372443977227,122.210949338602,130.667574822166,122.339335267104,0.434134293560213,0.459373149748751,0.446753721654482,122.275142302853,96.4596017897666,130,235,5,111,1
3809433714.90830,292.522693634033,4.87537822723389,0.0812563037872314,-3.35901757755133e-05,162.428863378262,118.621023210146,126.911569680555,118.683200622284,0.238202905717566,0.230194034936765,0.234198470327166,118.652111916215,93.6014896519639,131,238,5,112,1
3809433715.05372,292.66811299324,4.87780188322067,0.0812966980536779,-3.62321324237651e-07,162.375305161626,15.668749524693,17.646912859217,15.7501980379591,0.0620948824931414,0.0852195292719254,0.0736572058825334,15.7094737813261,12.3927852933534,112,211,5,113,1
3809433715.63817,293.25256061554,4.88754267692566,0.0814590446154276,3.461478338299e-06,162.361698993645,152.128689296665,163.600861549681,152.034366961491,0.190779476241829,0.120772327347795,0.155775901794812,152.081528129078,119.973065388678,140,248,5,114,1
3809433715.77500,293.389394521713,4.88982324202855,0.0814970540338092,-0.000129195514937056,162.528576055242,160.799836831418,172.945881214152,160.640619589535,0.504848517146029,0.801972551284712,0.65341053421537,160.720228210477,126.787905708136,141,250,5,115,1
3809433716.10626,293.72065448761,4.89534424146016,0.0815890706910027,-0.000109059066840389,162.349689883659,125.110522920076,134.471254175161,125.179418435932,0.328431767644272,0.458681888218563,0.393556827931417,125.144970678004,98.7235329294775,133,239,5,116,1
3809433716.40430,294.018697738647,4.90031162897746,0.0816718604829576,0.00042969560004004,162.445604453944,220.290185682174,236.33798513554,220.11071262354,0.00311863569399849,-0.0571524763284267,-0.0270169203172141,220.200449152857,173.710267182545,160,276,5,117,1
3809433716.65201,294.266398668289,4.90443997780482,0.081740666296747,6.58117514321606e-05,162.333156069295,68.4275219388393,73.4412835774181,68.4598999359182,0.289297955225581,0.0840951182995216,0.186696536762551,68.4437109373787,53.9934199028072,119,221,5,119,1
3809433717.00789,294.622287511826,4.91037145853043,0.0818395243088404,9.89536479348722e-06,162.361344917486,197.144301035698,210.842622765533,197.316615402108,-0.49791269753998,-0.669212808111801,-0.583562752825891,197.230458218903,155.589853361101,148,259,5,120,1
3809433717.19957,294.813963413239,4.91356605688731,0.0818927676147885,6.40614318164646e-06,162.374304756029,5.56338998602098,5.26686796772091,5.45857475350334,-0.104953812484529,0.00952368262629363,-0.0477150649291176,5.51098236976216,4.34746715355308,110,202,5,121,1
3809433717.72526,295.339658260345,4.92232763767242,0.0820387939612071,0.000307836673265643,162.426107260692,199.024152369919,212.534481006068,212.534481006068,-41.2431359262515,0,-20.6215679631258,205.779316687994,162.333820026403,151,265,5,122,1
3809433717.94631,295.560699224472,4.9260116537412,0.08210019422902,-2.12610265466919e-06,162.362209391435,116.868669510225,124.362951572482,116.60070714462,0.406170881832796,0.442621623126508,0.424396252479652,116.734688327423,92.0888852717612,129,235,5,123,1
3809433718.14368,295.758070230484,4.92930117050807,0.0821550195084678,-0.000101206485514755,162.376410672815,151.549044712612,162.770131280894,151.627365051542,0.293608872149065,-0.206094333320918,0.0437572694140735,151.588204882077,119.583895823522,139,248,5,124,1
3809433719.07472,296.689115762711,4.94481859604518,0.0824136432674196,0.000211740962572932,162.437771086407,5.12838002815471,5.46674855912475,4.82988702773149,0.249583821419403,0.113516515629761,0.181550168524582,4.9791335279431,3.92790577314471,143,240,5,125,1
3809433720.23465,297.849044561386,4.96415074268977,0.0827358457114961,-6.59381152342569e-05,162.368498009709,176.239456419446,189.417359757626,176.13699321827,0.420464496125511,0.309524205557334,0.364994350841422,176.188224818858,138.990196093817,141,250,5,126,1
3809433720.28059,297.894984483719,4.96491640806198,0.082748606801033,-0.000689096453485999,162.595085406803,197.574250518549,208.827253579078,194.510764462568,0.485378044813814,0.0773822841037905,0.281380164458802,196.042507490559,154.652710683988,152,265,5,127,1
3809433720.32902,297.943411588669,4.96572352647781,0.0827620587746302,-2.79170437199451e-05,162.371825028367,119.358116088758,278.648181581578,162.870451435348,-31.2507828584252,-78.1316086033469,-54.6911957308861,141.114283762053,111.321298525434,198,306,5,128,1
3809433720.47031,298.084706068039,4.96807843446732,0.0828013072411219,-6.9972267559211e-05,162.396671809097,8.8547658684997,9.26081849694055,9.16337787936304,0.128615453245891,-0.114867968971908,0.00687374213699154,9.00907187393137,7.10701675817661,105,196,5,129,1
3809433720.64925,298.263642787933,4.97106071313222,0.082851011885537,-0.00126131497227373,162.613866722231,122.044744729696,130.31611136762,121.919119664715,0.39770620918272,0.603483312142004,0.500594760662362,121.981932197205,96.2282961498887,134,242,5,130,1
3809433720.86128,298.475671291351,4.97459452152252,0.082909908692042,2.98553230369525e-05,162.381978509482,116.273956647706,124.345366895277,116.373864447435,0.400910952148298,0.584547104601458,0.492729028374878,116.323910547571,91.7648336262478,128,230,5,131,1
3809433720.92876,298.543153047562,4.97571921745936,0.0829286536243227,9.34153646976311e-05,162.377786600511,198.541244320852,213.312042119513,198.560424439401,0.243039570722536,-0.0726634327080589,0.0851880690072384,198.550834380126,156.631462933787,151,263,5,132,1
3809433720.99920,298.613596916199,4.97689328193665,0.0829482213656108,6.04133807382133e-05,162.391926311345,260.499741541495,265.446726725548,260.723924991009,-2.22161800321198,-1.88389054746643,-2.05275427533921,260.611833266252,205.589731364207,141,251,5,133,1
3809433722.23741,299.851802825928,4.9975300470988,0.0832921674516466,-5.98406096099455e-05,162.403670150735,6.92807047800734,7.16620252010992,7.15239502487694,0.0935799190523933,-0.054886623011115,0.0193466480206391,7.04023275144214,5.55385203338697,91,178,5,134,1
3809433722.33822,299.952610731125,4.99921017885208,0.0833201696475347,8.86381954149784e-05,162.404092454434,10.7778414549497,10.7055679294961,10.9965869587435,0.0782726126341909,-0.0642138289802158,0.00702939182698753,10.8872142068466,8.58863320225153,104,202,5,135,1
3809433722.65770,300.272095918655,5.00453493197759,0.0834089155329598,-2.87740658995111e-05,162.387945863323,292.739214770859,307.650902332056,292.305897767234,-1.87420958807504,-2.29616551855326,-2.08518755331415,292.522556269047,230.76325049248,151,263,5,136,1
3809433722.76638,300.380772590637,5.00634620984395,0.0834391034973992,5.72223379754203e-06,162.401388709735,144.948986382172,154.90708195068,145.144703018941,0.183362715836799,0.115445226469514,0.149403971153157,145.046844700557,114.423591068283,141,250,5,137,1
3809433722.90202,300.516418457031,5.00860697428385,0.0834767829047309,-8.21772477779678e-05,162.391327682962,134.158000991355,144.579123146014,134.080859089379,0.0631955431730963,0.27639906303057,0.169797303101833,134.119430040367,105.803244799515,133,239,5,138,1
3809433724.13089,301.745279312134,5.02908798853556,0.0838181331422594,9.42175502768473e-06,162.395757971661,155.99868402731,167.50803494887,155.802334722733,0.0949289555630846,0.0822030625451436,0.0885660090541141,155.900509375021,122.985757938353,143,253,5,139,1
3809433724.25626,301.87065410614,5.03117756843567,0.0838529594739278,0.000304241263547827,162.422246745235,7.30167807349791,6.92833946012373,7.51825979013097,-0.0891263290148671,0.00924995067548132,-0.0399381891696929,7.40996893181444,5.84552705460794,129,226,5,140,1
3809433724.46743,302.081826925278,5.0346971154213,0.0839116185903549,-0.000200178464348463,162.405790373912,96.1211128219413,103.054592247365,96.2023401005475,0.250632905529437,0.0286648055702788,0.139648855549858,96.1617264612444,75.8594238139903,122,224,5,141,1
3809433724.58205,302.196445703506,5.03660742839177,0.0839434571398629,-6.20714784995509e-05,162.383784120107,118.44081812558,126.532397695058,118.39390842155,0.0543752718713484,0.188730482109586,0.121552876990467,118.417363273565,93.4163027025626,130,236,5,142,1
3809433724.77754,302.391935825348,5.03986559708913,0.0839977599514855,-7.58286245063687e-05,162.384269082997,45.1021590343387,48.6469756846424,45.1409240766421,0.0116382044414656,-0.0761924639828593,-0.0322771297706968,45.1215415554904,35.5951818874429,108,205,5,143,1
3809433724.91758,302.531969308853,5.04219948848089,0.0840366581413481,-5.63894357475444e-05,162.373456091259,201.895849856838,190.275523537941,190.275523537941,-49.659654519507,0,-24.8298272597535,196.08568669739,154.686773609764,146,262,5,144,1
3809433725.15738,302.771771907806,5.04619619846344,0.0841032699743907,7.15045601663673e-05,162.378460250342,132.570763964926,141.361632641779,132.406085016402,0.410235304100545,0.376016624584112,0.393125964342328,132.488424490664,104.516587978854,130,236,5,145,1
3809433725.30819,302.922580003738,5.04870966672897,0.0841451611121495,-0.000361241911915342,162.45987441255,147.575826495147,158.097517232271,146.772085608858,0.256263789611687,0.508092606880321,0.382178198246004,147.173956052002,116.101612537396,138,248,5,146,1
3809433725.39559,303.009986877441,5.05016644795736,0.0841694407992893,2.4461956465827e-05,162.344912648424,202.223892991625,153.05529252946,213.855682550601,-25.2131272518127,-18.908857289071,-22.0609922704418,208.039787771113,164.117045434515,133,243,5,147,1
3809433725.64210,303.256488800049,5.05427481333415,0.0842379135555691,-0.000645114213717499,162.461824880203,102.3428602598,108.458701247657,102.30972210356,0.253234120260003,0.448935975176318,0.35108504771816,102.32629118168,80.7224846695457,125,230,5,148,1
3809433725.82288,303.437272071838,5.05728786786397,0.0842881311310662,5.97700977148333e-05,162.380671104838,150.103068326691,161.34909870306,150.195797239569,0.437677305064732,0.201680493743083,0.319678899403908,150.14943278313,118.448886850178,147,260,5,149,1
3809433726.12837,303.742759943008,5.06237933238347,0.0843729888730579,0.000763918869783863,162.528885550896,11.1851957931174,11.9504833286118,12.3059571625145,0.303208364550311,-0.0258285886513232,0.138689887949494,11.745576477816,9.26577232709501,102,190,5,150,1
3809433726.63206,304.246451616287,5.07077419360479,0.0845129032267465,0.000150258469166315,162.412977044589,122.250481185808,129.847722259074,155.465109252949,0.504955595913954,0.450856421254084,0.477906008584019,138.857795219379,109.541214837365,257,366,5,152,1
3809433726.67407,304.288464546204,5.07147440910339,0.0845245734850566,-3.69070108911069e-07,162.359638713917,348.426009014428,364.080711658475,348.454691900241,-2.31520632837638,-2.87589706735467,-2.59555169786553,348.440350457334,274.875308420042,153,266,5,153,1
3809433726.98543,304.599822759628,5.07666371266047,0.0846110618776745,7.38293253732505e-05,162.358056316849,4.62631505488347,4.28696065853996,4.47044153220153,-0.115315157562257,-0.0288360681552532,-0.0720756128587549,4.5483782935425,3.58809444602945,108,189,5,154,1
3809433727.16903,304.783428668976,5.0797238111496,0.0846620635191599,-0.000194985828729618,162.396315739207,281.118542865702,297.567392158544,281.021389440366,-2.83693638270409,-3.23155200064175,-3.03424419167292,281.069966153034,221.728607299705,147,259,5,155,1
3809433727.23549,304.849883556366,5.0808313926061,0.0846805232101017,7.60780987652525e-05,162.365323649888,115.538088306041,123.553919238791,115.315449851005,-0.0455517821856067,0.0924860398131956,0.0234671288137944,115.426769078523,91.0571026252971,129,234,5,156,1
3809433727.43407,305.048460483551,5.08414100805918,0.0847356834676531,0.000116680493838724,162.3741723543,7.10509178332302,7.39339510736559,7.05097914211605,0.00481583960055846,0.137536551863133,0.0711761957318457,7.07803546271954,5.58367358507538,94,187,5,157,1
3809433727.64212,305.256511449814,5.08760852416356,0.0847934754027261,0.000109402585368438,162.373979989592,124.735820917699,133.299003097556,124.633853849015,0.403768058866237,0.389459322900847,0.396613690883542,124.684837383357,98.3605460334006,132,238,5,158,1
3809433727.74675,305.36114025116,5.08935233751933,0.0848225389586555,3.59524885300482e-05,162.356999396212,6.17409007215738,6.30000107260595,6.17158793252782,0.243766664462837,0.130148730123839,0.186957697293338,6.1728390023426,4.86958821608678,98,186,5,159,1
3809433728.66231,306.276708602905,5.10461181004842,0.085076863500807,-4.01666088910582e-05,162.311149415553,159.487645198898,171.324881619546,159.492949948275,0.499709304499101,0.431352240551733,0.465530772525417,159.490297573586,125.81764619971,141,249,5,160,1
3809433730.39537,308.009764432907,5.13349607388179,0.0855582678980298,0.000140962095925063,162.319891114984,210.422022796321,226.591916892214,210.236536248341,-0.0166410470151507,0.115340263559728,0.0493496082722888,210.329279522331,165.923164474446,153,267,5,163,1
3809433730.72756,308.341950893402,5.13903251489003,0.0856505419148339,-1.80528954646747e-05,162.287365327293,260.473018963759,267.477692097007,260.099974278176,-1.98444441119119,-2.25290523576549,-2.11867482347834,260.286496620967,205.333081953208,138,247,5,164,1
3809433731.47867,309.093060255051,5.15155100425084,0.0858591834041807,4.29506755834672e-05,162.297434530935,126.172419346557,182.832638224589,113.184474769685,-1.55730649077248,-0.302076260215242,-0.929691375493863,119.678447058121,94.4111380991186,233,346,5,165,1
3809433732.12395,309.738342523575,5.16230570872625,0.0860384284787708,-0.000320894556968031,162.292566359117,9.1764501903342,9.54920841226942,9.35396956664414,0.0442331869184823,-0.147045351476612,-0.0514060822790647,9.26520987848917,7.30907720527612,99,189,5,166,1
3809433732.67028,310.284674406052,5.17141124010086,0.0861901873350143,0.000289116935272093,162.32639262528,128.263799966252,136.809600125502,127.87552966637,0.433794819690933,0.0363635341377183,0.235079176914326,128.069664816311,101.030746207866,133,240,5,167,1
3809433732.70070,310.315092563629,5.17191820939382,0.0861986368232303,0.000457813149787093,162.360448976315,4.62798844951429,5.31017739264174,4.68054692567215,0.0328919489724728,0.179100217337767,0.10599608315512,4.65426768759322,3.67162776761491,108,190,5,168,1
3809433733.58379,311.19818854332,5.186636475722,0.0864439412620333,-2.49284135432698e-05,162.313124063401,163.09599708482,173.918592288117,163.001646334992,0.420174525024258,0.670655168265416,0.545414846644837,163.048821709906,128.62487107538,138,246,5,169,1
3809433734.54033,312.154725313187,5.20257875521978,0.0867096459203296,1.78124608239253e-05,162.321241319895,65.378820100315,70.2573187974921,65.0900215882614,-0.0175726802905006,0.0307689485593879,0.00659813413444365,65.2344208442882,51.4616964586372,131,234,5,171,1
3809433734.82598,312.440375328064,5.20733958880107,0.0867889931466844,0.000411408156010007,162.365858498174,130.901741719842,140.056314864175,130.762175149739,0.298576485242343,0.327222136153282,0.312899310697813,130.83195843479,103.20984604326,134,240,5,172,1
3809433734.93576,312.550156354904,5.20916927258174,0.0868194878763623,-2.49785743841034e-05,162.312658578157,168.993519334085,181.801591715248,168.779214084708,0.503278981407239,0.43339253559193,0.468335758499584,168.886366709396,133.229954786393,142,252,5,173,1
3809433736.02862,313.643016338348,5.22738360563914,0.0871230600939857,6.387146549364e-05,162.277848398194,213.441463474502,231.04090906246,213.596386656669,0.419793293839514,0.0943508287303951,0.257072061284954,213.518925065585,168.439390856671,154,267,5,174,1
3809433736.25834,313.872732400894,5.23121220668157,0.0871868701113595,-1.56786171697225e-05,162.312272665203,157.712894050328,170.667537880241,157.497664727669,0.317589855335095,0.174481596908457,0.246035726121776,157.605279388998,124.330605579454,139,246,5,175,1
3809433737.32073,314.935122013092,5.2489187002182,0.08748197833697,6.74291478377749e-05,162.297756094214,112.420568562942,119.992367117085,112.376738705799,0.232596052359373,0.1404591066235,0.186527579491437,112.39865363437,88.668303034347,128,232,5,177,1
3809433737.58256,315.19695520401,5.2532825867335,0.0875547097788917,-0.000131993655367994,162.291865310478,162.521444086588,174.383138577954,162.244817991635,0.385739515207854,0.0346987652673949,0.210219140237624,162.383131039111,128.099725442255,142,252,5,178,1
3809433737.77618,315.390574455261,5.25650957425435,0.0876084929042392,-0.000131081054520753,162.294277837011,17.5875613900895,17.0049153747102,17.2961648877865,-0.277182412300856,-0.0658904029845818,-0.171536407642719,17.441863138938,13.7594210987421,99,194,5,179,1
3809433738.89215,316.506542921066,5.27510904868444,0.0879184841447406,0.000263130662425597,162.30074380687,111.848960939772,119.273340941693,111.837262919522,0.473968155600595,0.59004001939366,0.532004087497127,111.843111929647,88.2300509856805,131,235,5,181,1
3809433738.94188,316.556278944016,5.27593798240026,0.087932299706671,-0.000140937609865035,162.320441933967,463.378089555462,471.768225690928,473.893228858497,-14.5951747780457,-14.8809990024433,-14.7380868902445,468.635659206979,369.694184936027,153,268,5,182,1
3809433739.53568,317.150071620941,5.28583452701569,0.0880972421169281,5.60376333730885e-05,162.260219567966,113.938208510059,120.179542528731,113.911904348944,0.53610699522249,0.480315297329057,0.508211146275773,113.925056429501,89.8724415290252,127,232,5,183,1
3809433739.87477,317.489167928696,5.29148613214493,0.0881914355357488,0.000133715535432882,162.289487649347,149.776691602936,161.047543827511,149.785795416853,0.612571167668578,0.389704058350967,0.501137613009772,149.781243509894,118.15843214278,141,249,5,188,1
3809433741.36924,318.983633995056,5.3163938999176,0.0886065649986267,-9.07326715855904e-05,162.288530980227,202.384676083598,217.509093919947,202.510224266336,0.520800514712723,0.235473146515243,0.378136830613983,202.447450174967,159.705399310546,151,263,5,189,1
3809433742.65470,320.269094228745,5.33781823714574,0.0889636372857624,8.73341159495354e-05,162.317518356798,350.810749757316,329.808570112904,353.968749632129,-10.7188042705765,-9.33566635505052,-10.0272353128135,352.389749694723,277.990884248232,144,259,5,190,1
3809433742.74704,320.361437559128,5.33935729265213,0.0889892882108688,4.28357589737864e-05,162.341000158164,549.81078912037,565.8574151174,549.837438733042,-8.03859964340926,-12.2777070435939,-10.1581533435016,549.824113926706,433.741593630056,181,304,5,191,1
3809433742.77624,320.390635251999,5.33984392086665,0.0889973986811108,-4.96112467824618e-05,162.408675792571,137.135308201484,146.844767004095,137.18355145791,0.389567219996505,0.385568810770232,0.387568015383368,137.159429829697,108.201419633722,135,241,5,192,1
3809433742.97303,320.587423324585,5.34312372207642,0.0890520620346069,-3.216616216648e-05,162.337833495051,104.137171337219,111.897811741,103.89146419097,0.258652520708235,0.333633849348518,0.296143185028376,104.014317764095,82.0541238636101,126,228,5,193,1
3809433743.33164,320.946038007736,5.34910063346227,0.0891516772243712,-5.84691427711036e-05,162.31636509221,4.11077744219699,4.82336902672596,4.35635524037659,-0.105985290877128,0.00119586915010405,-0.0523947108635117,4.23356634128679,3.33974768493526,121,200,5,194,1
3809433744.71273,322.327120780945,5.37211867968241,0.0895353113280402,-0.0071365454997434,163.984158622561,317.22768654128,298.262439493899,230.24989457923,-36.080600604784,-22.9761788053265,-29.5283897050553,273.738790560255,215.945238210845,128,227,5,195,1
3809433744.93167,322.546065330505,5.37576775550842,0.0895961292584737,-0.000849911148104796,162.495951795494,138.17361321029,147.205140465207,138.246469491763,0.738462732155034,0.369410280751461,0.553936506453248,138.210041351026,109.030219069769,133,239,5,196,1
3809433745.04017,322.654564857483,5.37757608095805,0.0896262680159675,-1.22225973580993e-06,162.334725279128,108.435316541211,116.436119259523,108.208105747469,0.302666003092478,0.295034241049895,0.298850122071187,108.32171114434,85.4521117324868,127,233,5,197,1
3809433746.46292,324.077311754227,5.40128852923711,0.0900214754872852,0.000155261113859761,162.456480150325,118.230812368537,127.014399542464,119.551869052681,0.331207746613817,0.191203711972449,0.261205729293133,118.891340710609,93.7902108737043,146,257,5,198,1
3809433747.07259,324.686986207962,5.4114497701327,0.0901908295022117,8.16754634282887e-05,162.419985563442,146.267607812303,157.673035669251,146.010113244925,0.39738607502828,0.354336871332616,0.375861473180448,146.138860528614,115.285053258707,142,252,5,200,1
3809433747.17309,324.787483215332,5.41312472025553,0.0902187453375922,7.54840027522363e-05,162.354434536474,232.021470836466,237.514053981538,226.625590038548,-0.797076444074968,-7.26742139919411,-4.03224892163454,229.323530437507,180.907222927102,142,251,5,201,1
3809433747.61017,325.224566936493,5.42040944894155,0.0903401574823591,0.000152019486147591,162.374771884279,389.463725544404,416.124067900905,389.562980518685,-0.578138821993787,-0.854896491740819,-0.716517656867303,389.513353031544,307.276705776877,172,290,5,202,1
3809433747.74066,325.355051755905,5.42258419593175,0.0903764032655292,0.0142123242113495,237.395334949348,266.142470158457,344.735705505839,344.735705505839,23.1967632736055,0,11.5983816368027,305.439087832148,240.95275808672,114,155,5,204,1
3809433748.20918,325.823574066162,5.4303929011027,0.0905065483517117,-0.000380473856734543,162.448898163659,101.790241317096,108.885303719078,102.112467555792,0.108617961830221,0.237959979334082,0.173288970582152,101.951354436444,80.4267070612706,127,233,5,207,1
3809433748.23512,325.849515676498,5.43082526127497,0.0905137543545829,-4.03313111186681e-05,162.383293168215,232.56415452151,249.903798843601,199.391807120779,-2.59350097781868,-28.0722840105327,-15.3328924941757,215.977980821145,170.379274421661,267,382,5,208,1
3809433748.68581,326.300208091736,5.43833680152893,0.0906389466921489,-5.35273857635867e-05,162.396398803371,72.1246669072229,76.0161179289491,72.0894284918562,0.0924460173179103,0.30999405505209,0.201220036185,72.1070476995396,56.8833286663123,118,220,5,209,1
3809433748.79696,326.411358118057,5.44018930196762,0.0906698216994603,-3.85509741976879e-05,162.386180208867,143.965283414228,155.000100435808,144.065361069607,0.619917283009196,0.414538781912512,0.517228032460854,144.015322241918,113.609850485172,138,247,5,210,1
3809433749.08173,326.696123838425,5.44493539730708,0.0907489232884513,-0.000154215656689166,162.387727329053,142.928267044712,153.811142978931,143.087743696744,0.0811128107277789,0.325703258269783,0.203408034498781,143.008005370728,112.815205045052,137,243,5,211,1
3809433749.12627,326.740662097931,5.44567770163218,0.090761295027203,-7.6168195314175e-05,162.402131666798,156.47533189679,167.620968782992,156.451779483206,0.337446602797142,0.161642534680733,0.249544568738937,156.463555689998,123.429930174091,140,250,5,212,1
3809433750.56393,328.17832660675,5.46963877677917,0.0911606462796529,1.57074633038056e-05,162.424348025735,122.595672599221,130.148709115975,122.313239976363,-0.238114640730951,-0.328817422858109,-0.28346603179453,122.454456287792,96.6010578147344,131,238,5,213,1
3809433751.92002,329.534416437149,5.49224027395248,0.0915373378992081,-9.54893706848401e-05,162.400482618323,108.638856310099,116.432761973047,108.754435292042,0.0580034070032557,0.195543389926465,0.126773398464861,108.696645801071,85.7478876931959,128,234,5,214,1
3809433752.62748,330.241873979568,5.50403123299281,0.0917338538832135,0.000107262398427709,162.418310780535,204.986710342854,221.991451016368,205.182193806148,-0.0653001951341726,0.0166383954084373,-0.0243308998628676,205.084452074501,161.785659847212,137,244,5,215,1
3809433752.71645,330.33084487915,5.50551408131917,0.0917585680219862,-8.68470168745543e-05,162.39077906485,360.218749849365,389.230625805078,389.230625805078,-96.5096506401811,0,-48.2548253200906,374.724687827222,295.61032183534,158,280,5,216,1
3809433752.89965,330.514046430588,5.5085674405098,0.0918094573418299,-0.000379345395416627,162.498526969046,85.0199864173354,90.0047407398737,85.2050732279357,0.851329303435181,0.617886920635924,0.734608112035553,85.1125298226356,67.1430069872796,122,227,5,218,1
3809433752.95711,330.571506261826,5.50952510436376,0.0918254184060627,7.16403521611634e-05,162.402620985995,130.933113900257,140.308673758043,131.004176787829,0.318913478434598,0.155450868846454,0.237182173640526,130.968645344043,103.317674704001,133,240,5,219,1
3809433753.07180,330.686190128326,5.51143650213877,0.0918572750356462,-3.01234296949832e-05,162.465717117827,136.892353617754,146.349546122471,136.849416418452,0.277924600158982,0.140122119601377,0.209023359880179,136.870885018103,107.973794320017,136,242,5,220,1
3809433753.15566,330.770050525665,5.51283417542775,0.0918805695904626,-0.000220926697476701,162.464612143919,146.372178551884,157.924673291767,146.228776248503,0.252918039331706,0.157575117907013,0.20524657861936,146.300477400193,115.412548502478,138,245,5,221,1
3809433753.26245,330.876845121384,5.51461408535639,0.0919102347559399,-8.03394047703405e-05,162.438538647695,110.71611319839,119.375248187282,110.556847760122,0.275455099253152,0.295348517589543,0.285401808421347,110.636480479256,87.278171584686,130,236,5,222,1
3809433753.32348,330.937870025635,5.51563116709391,0.0919271861182319,0.000926116050169317,162.661106815167,75.1693590700759,80.2239748400765,73.9691951878051,0.269348048063558,-0.640535367244862,-0.185593659590652,74.5692771289405,58.8257158580344,147,256,5,223,1
3809433754.00383,331.618219614029,5.52697032690048,0.092116172115008,-6.02852107827299e-06,162.454041235363,14.8199416239725,16.6587068534884,14.9735088825128,0.0218013534318738,0.00396280062794918,0.0128820770299115,14.8967252532426,11.7516296349125,112,210,5,224,1
3809433754.16029,331.774686574936,5.52957810958226,0.0921596351597044,1.78972647255266e-05,162.479025281063,113.154387294044,243.002948456683,156.753663282675,0.220564602475913,-36.7673093482287,-18.2733723728764,134.954025288359,106.461634753195,224,332,5,225,1
3809433754.92306,332.537457942963,5.54229096571604,0.0923715160952674,0.000110165570747585,162.458781299909,5.0281925730587,5.44296251770494,5.12857112264204,-0.0910048070148571,0.13777184191056,0.0233835174478516,5.07838184785037,4.0062001282872,101,195,5,226,1
3809433755.68173,333.296119213104,5.5549353202184,0.0925822553369734,-0.000133619152512271,162.437249810746,184.360700268703,197.099713818116,184.060547056914,-0.119207175695611,-0.290097248364036,-0.204652212029823,184.210623662808,145.318852788155,151,264,5,227,1
3809433755.83967,333.454068183899,5.55756780306498,0.092626130051083,0.360506078735335,233.794102073036,357.982752434828,303.154594677163,303.154594677163,-36.1625004017885,0,-18.0812502008942,330.568673555995,260.776818696359,156,186,5,228,1
3809433756.34620,333.960590839386,5.5660098473231,0.0927668307887183,-0.000107026495462023,162.46122196443,222.742169433688,240.421603433793,222.804634144822,-0.0655993475146639,-0.0298434906449833,-0.0477214190798236,222.773401789255,175.740000962091,158,273,5,229,1
3809433756.79010,334.404488801956,5.57340814669927,0.0928901357783212,0.000282164567147105,162.507661073536,124.406145776673,134.389476068117,124.442538138002,0.263025396386283,-0.002153892838514,0.130435751773884,124.424341957338,98.1550481326122,130,235,5,232,1
3809433758.21179,335.826188087463,5.59710313479106,0.0932850522465176,-6.71017054936535e-05,162.466808816411,154.480170138237,165.5513159906,154.136015481757,0.633072813015312,0.405616659142428,0.51934473607887,154.308092809997,121.729542939517,141,251,5,233,1
3809433758.50639,336.120787382126,5.60201312303543,0.0933668853839238,5.44356594271992e-05,162.514418977794,4.8239755680733,5.40657506721592,4.620519527735,-0.28282839649045,0.208703842995736,-0.037062276747357,4.72224754790415,3.72525526811763,103,186,5,235,1
3809433758.79219,336.406582832336,5.60677638053894,0.0934462730089823,-9.14656897899836e-06,162.497036730847,239.26976222519,258.967858332337,239.181721611063,-0.914761292497422,-1.22363169895943,-1.06919649572842,239.225741918127,188.718813723642,161,277,5,238,1
3809433760.39746,338.011849403381,5.63353082338969,0.0938921803898281,0.000619528209116275,162.58786016389,206.778200078898,223.440688194148,206.842286559103,0.18172201702138,0.300458864108689,0.241090440565035,206.810243319001,163.147090576971,154,267,5,239,1
3809433761.30910,338.923494815826,5.64872491359711,0.0941454152266184,-3.3529034400429e-05,162.514444846212,6.07256302231155,6.7026560795878,6.14646090321582,0.163032172597554,0.108454249051881,0.135743210824718,6.10951196276368,4.81963120188697,101,187,5,240,1
3809433761.77716,339.391552686691,5.65652587811152,0.0942754313018587,-6.80119069771282e-05,162.544755595748,174.785396610483,188.045359577438,174.316347955954,0.594835806621861,0.315759650637555,0.455297728629708,174.550872283218,137.698532305064,144,254,5,241,1
3809433763.76763,341.382025003433,5.68970041672389,0.0948283402787315,-0.000274025037126058,162.586021556045,6.0848215536034,6.32512215791352,6.11738345478141,0.143577434732885,0.222952860013497,0.183265147373191,6.10110250419241,4.8129972040868,99,183,5,242,1
3809433764.47417,342.08856344223,5.7014760573705,0.0950246009561751,-0.00012111922728647,162.62150416234,167.631852255853,180.527629212506,167.580035430657,0.40266732491512,0.290894510564085,0.346780917739602,167.605943843255,132.219863303656,144,255,5,243,1
3809433764.69195,342.306342363358,5.70510570605596,0.0950850951009326,3.74873654919485e-05,162.573956754076,111.892263748524,119.423502364315,111.664351293532,0.397841466022661,0.133251663220828,0.265546564621744,111.778307521028,88.178928514409,132,240,5,244,1
3809433764.89969,342.514085292816,5.7085680882136,0.0951428014702267,4.19440474868788e-05,162.563197465505,130.180407289163,140.273027881013,130.049360956591,0.493736699708268,0.672551116646942,0.583143908177605,130.114884122877,102.644165224754,133,240,5,247,1
3809433765.26089,342.875283241272,5.7145880540212,0.0952431342336867,6.27028606367606e-06,162.584419682773,148.209417311085,270.815897243519,213.552138605478,-58.6679882867511,-8.63533670204324,-33.6516624943972,180.880777958282,142.69202623428,279,393,5,248,1
3809433765.37616,342.990554571152,5.71650924285253,0.0952751540475422,6.02698562071449e-05,162.54992304368,188.017414226052,201.162179829038,187.914913943764,0.419052956921266,0.28542512003349,0.352239038477378,187.966164084908,148.281498562256,150,262,5,249,1
3809433765.99495,343.60933971405,5.72682232856751,0.0954470388094584,-1.78518139535715e-05,162.554976394528,115.883058875866,123.73159453529,115.643971257201,-0.212009532399654,-0.310889898768786,-0.26144971558422,115.763515066534,91.3227525627744,135,240,5,250,1
3809433766.27771,343.892099380493,5.73153498967489,0.0955255831612481,8.32876995721515e-05,162.53831662621,157.034866870306,167.961981648668,156.874163531901,0.275277609187967,0.301044567669982,0.288161088428974,156.954515201104,123.81723505098,147,258,5,251,1
3809433766.41400,344.028392553329,5.73380654255549,0.0955634423759248,-1.66803440348256e-05,162.565351986918,4.67959275369959,4.91498636281401,4.51519299641585,0.225757997763917,0.223453344306327,0.224605671035122,4.59739287505772,3.62676074341261,106,198,5,252,1
3809433767.07267,344.68706703186,5.74478445053101,0.0957464075088501,-4.17318124589171e-05,162.50845889332,111.717386981702,119.860425947362,111.929886418781,0.279763031333467,0.140840949439973,0.21030199038672,111.823636700241,88.2146874961122,134,241,5,253,1
3809433767.50445,345.118848562241,5.75198080937068,0.0958663468228446,-4.57575765020958e-05,162.510080568319,109.860597095904,117.797657473634,109.742222866983,0.197788445375747,0.267353766266868,0.232571105821307,109.801409981443,86.6194067190858,129,234,5,255,1
3809433767.70828,345.32266998291,5.7553778330485,0.0959229638841417,-0.000102639179150765,162.493287398614,8.26312490036197,8.4833038864085,8.36840496740228,0.0650013480112892,-0.0404197902429259,0.0122907788841817,8.31576493388212,6.56008538606181,105,198,5,256,1
3809433769.85879,347.473182678223,5.79121971130371,0.0965203285217285,3.83844516123635e-05,162.598726291891,141.102758227252,151.7333317964,141.16978327556,0.422644283634449,0.311120912138175,0.366882597886312,141.136270751406,111.338643475499,140,248,5,258,1
3809433770.17034,347.784731388092,5.79641218980153,0.0966068698300256,-2.41061729164807e-05,162.514766876535,113.813139059505,121.331054416398,113.657019192284,0.259141154559173,0.361123263866988,0.310132209213081,113.735079125894,89.72257349608,133,239,5,259,1
3809433770.22082,347.835210084915,5.79725350141525,0.0966208916902542,0.000275314316534338,162.570269159406,99.7814799547293,106.57258089662,101.156234880476,0.480396361069997,0.533993242395452,0.507194801732724,100.468857417603,79.2572046636552,127,234,5,260,1
3809433771.41062,349.025014162064,5.81708356936773,0.0969513928227954,-2.06499926628364e-05,162.551101965037,3.09857308331766,3.84469047616666,3.33938686367003,-0.114330312985234,0.143982140761367,0.0148259138880664,3.21897997349384,2.53936753263713,102,184,5,263,1
3809433773.76743,351.381819248199,5.85636365413666,0.0976060609022776,3.3215130364688e-05,162.562720883405,211.599463023253,227.337546236492,211.722310142461,0.46146899102823,0.345589528165922,0.403529259597076,211.660886582857,166.97363380435,154,268,5,267,1
3809433773.92351,351.53789973259,5.85896499554316,0.097649416592386,0.000179394578455028,162.584391536543,106.200708430961,113.374203171112,106.179335993849,0.308350490643394,-0.0275742157634591,0.140388137439967,106.190022212405,83.7704791320948,131,237,5,268,1
3809433775.10412,352.718513965607,5.87864189942678,0.0979773649904463,-1.69871382573881e-05,162.56105093254,587.094902436917,563.444458089258,587.65686232228,-21.5204261737553,-22.8779811182459,-22.1992036460006,587.375882379599,463.365183210479,164,284,5,269,1
3809433775.25950,352.873890161514,5.8812315026919,0.0980205250448651,-0.000142781058675171,162.594962005812,217.577057826548,232.961929867548,217.740189641819,0.304042847867195,0.309397513228189,0.306720180547692,217.658623734184,171.70508883569,160,277,5,270,1
3809433776.96687,354.581261634827,5.90968769391378,0.098494794898563,-2.80446496073483e-05,162.616970574999,128.92031936046,138.678033969152,128.991462194097,0.48475832531862,0.29244973938872,0.38860403235367,128.955890777278,101.729866255332,142,251,5,271,1
3809433777.20288,354.817277193069,5.91362128655116,0.0985603547758526,-2.83006502763422e-05,162.619256957562,82.1610502525816,88.1566061608383,82.187927856923,0.341164204149615,0.235021669329032,0.288092936739323,82.1744890547523,64.8252649084342,124,227,5,272,1
3809433778.16714,355.781532526016,5.92969220876694,0.098828203479449,-0.137926965516936,202.821299614545,263.296939415739,284.25270209349,284.25270209349,-52.9599833118133,0,-26.4799916559066,273.774820754614,215.973661471165,91,166,5,273,1
3809433778.26975,355.884147405624,5.93140245676041,0.0988567076126734,-4.68942024190786e-05,162.654958497607,122.49407374141,131.203762782087,122.406531650545,0.567128670730174,0.521268613256334,0.544198641993254,122.450302695977,96.5977811568228,133,240,5,274,1
3809433778.47037,356.084763288498,5.9347460548083,0.098912434246805,0.000249818419608375,162.680777806912,162.292425216779,174.614039855841,162.448880890092,0.107700538134308,0.0571606587928083,0.0824305984635583,162.370653053435,128.089881891827,143,253,5,275,1
3809433778.91966,356.534058094025,5.94223430156708,0.0990372383594513,-6.38556442894639e-05,162.614835217705,120.781424915092,129.050473580069,120.715515739867,0.761956739420543,0.702882890428204,0.732419814924373,120.748470327479,95.2552509459671,131,237,5,278,1
3809433779.46762,357.082008838654,5.95136681397756,0.099189446899626,6.33978163290025e-05,162.626416252127,5.07809585534353,5.65307093257766,5.20268040410044,0.0288586179442296,-0.0379659586216139,-0.00455367033869213,5.14038812972198,4.05511523192279,132,227,5,279,1
3809433782.98898,360.603370428085,6.01005617380142,0.10016760289669,-1.75071708964178e-05,162.626766712503,138.535892718343,147.639537215671,138.504952535921,0.478485214950382,0.339133176228272,0.408809195589327,138.520422627132,109.275070588502,131,237,5,282,1
3809433783.28809,360.902486085892,6.01504143476486,0.100250690579414,-0.000146017032049985,162.641561347518,125.134637418279,133.586216052759,125.091430646982,0.250879524641293,-0.0367860099606119,0.10704675734034,125.11303403263,98.6983389608818,133,239,5,283,1
3809433783.33158,360.945972681046,6.01576621135076,0.100262770189179,3.26118312643064e-05,162.5783550291,124.97197345007,133.970499186784,124.966755597719,0.576389346944591,0.212712118946305,0.394550732945448,124.969364523895,98.5850019134575,134,241,5,284,1
3809433783.74472,361.359110832214,6.02265184720357,0.100377530786726,0.000118825495392944,162.606204999301,10.0058462941166,9.96925838506352,9.88195600237717,0.184656820309159,-0.0547395651006333,0.0649586276042627,9.94390114824687,7.84447866452669,115,208,5,285,1
