real_time_s,peak_time_s,peak_time_m,peak_time_h,bl_slope,avg_baseline,pk_ht1_hz,pk_ht2_hz,pk_ht3_hz,node_dev_1,node_dev_2,node_dev_mean,avg_pk_ht_hz,mass_pg,pk_fwhm,transit_t,valve_state,pk_order,segment_num
3836215990.33566,67.4603586196899,1.12433931032817,0.0187389885054694,-0.00389296318079475,433.330211851648,129.944231385871,130.604751144955,130.384297361687,1.18836633471571,-0.725161278723708,0.231602527996,130.164264373779,100.127034295225,196,316,7,58,0
3836215991.0497,68.1743993759155,1.13623998959859,0.0189373331599765,-0.00100744428739676,431.106224824209,175.965518726264,178.132289142016,175.547235625084,0.085006523717451,-1.40690092018502,-0.660947198233784,175.756377175674,135.198127456389,195,322,7,61,0
3836215991.92375,69.0484492778778,1.15080748796463,0.0191801247994105,-0.00172046154146371,430.933302149624,214.554623404063,220.431636945186,216.404928536472,-1.39593293387237,-2.25078551133109,-1.82335922260173,215.479775970268,165.754794699618,184,309,7,62,0
3836215992.02526,69.1499552726746,1.15249925454458,0.0192083209090763,-0.0014076371995529,430.783674153864,177.935570199591,177.111605655876,178.175094734481,-2.96075037612508,-2.43259797085822,-2.69667417349165,178.055332467036,136.966566562228,184,315,7,63,0
3836215992.69179,69.8164930343628,1.16360821723938,0.019393470287323,-0.00231601951167555,429.839654656981,153.056465223902,153.659092803507,153.379223006745,-0.685096762998419,-0.156825469593266,-0.420961116295843,153.217844115324,117.860677092767,175,290,7,64,0
3836215992.88031,70.0050041675568,1.16675006945928,0.019445834490988,-0.00353166565942473,429.755738818313,196.930808557406,199.186025294922,197.530242579705,-2.4817609446743,-2.00920659246809,-2.24548376857119,197.230525568555,151.716814846812,194,323,7,66,0
3836215994.4579,71.5825946331024,1.19304324388504,0.0198840540647507,-0.00159686171133005,429.282881874915,209.052063574153,215.682570671565,208.499962023001,-4.23432216608073,-3.00862056543394,-3.62147136575734,208.776012798577,160.59801892688,198,327,7,67,0
3836215994.74641,71.8711104393005,1.19785184065501,0.0199641973442501,0.000107647375363544,428.72944287212,200.377859856983,206.403723834831,200.351141981822,-2.96313619400048,-0.853291907772692,-1.90821405088659,200.364500919402,154.127581418914,196,318,7,68,0
3836215995.18344,72.3081357479095,1.20513559579849,0.0200855932633082,-0.00145998284947215,430.388814011203,172.138528025683,184.039775955414,173.89822356667,-1.13688477726354,-0.588584356500377,-0.862734566881958,173.018375796177,133.091958306628,190,313,7,69,0
3836215996.2355,73.3601956367493,1.22266992727915,0.0203778321213192,-0.00143824058114837,430.613805028436,101.322632143071,99.9602254911401,101.094314812163,1.60451465382347,0.45353514296133,1.0290248983924,101.208473477617,77.8531983691073,178,295,7,70,0
3836215996.57902,73.7037153244019,1.2283952554067,0.0204732542567783,-0.00194353656444504,429.992349946015,82.4814106194087,77.3320161461683,83.8652502317581,-0.631816799436695,0.0232265209939914,-0.304295139221352,83.1733304255834,63.9799175913302,151,261,7,71,0
3836215997.57357,74.6982727050781,1.2449712117513,0.020749520195855,-0.000690424292580953,430.365414096186,86.8233655483517,85.2036472579828,88.5503773961065,-2.19512085401761,0.682995674368233,-0.756062589824687,87.6868714722291,67.4518957210007,156,263,7,72,0
3836215997.67008,74.7947776317596,1.24657962719599,0.0207763271199332,0.000606795127736884,430.27159512132,81.6846247809046,80.5258660404598,81.6812069789939,-0.511500258967616,0.148820771026332,-0.181339743970642,81.6829158799493,62.833437111125,171,286,7,73,0
3836215998.0041,75.1287968158722,1.25214661359787,0.0208691102266312,-0.00266808660290389,430.076500789059,122.251707517052,123.425422074692,123.310903928904,-0.0468777332337129,-1.63399277830269,-0.840435255768201,122.781305722978,94.4477969286146,167,286,7,74,0
3836215998.15611,75.2808058261871,1.25468009710312,0.0209113349517186,-0.000758580344501893,429.844337077176,163.681269593835,170.291223446056,165.160178140574,-1.26182887857332,-0.750558461507913,-1.00619367004062,164.420723867204,126.478335176715,174,292,7,75,0
3836216000.26823,77.3929264545441,1.28988210757573,0.0214980351262622,0.000536289238999773,430.393856552834,158.778535287977,162.274018056201,161.537485315376,0.400454799941607,-1.38911886309858,-0.494332031578484,160.158010301677,123.199302568036,181,302,7,76,0
3836216002.47035,79.5950524806976,1.32658420801163,0.0221097368001938,-0.000787761147367802,431.452021693484,152.664226687469,157.710612863807,155.982906404831,-2.21027738506043,0.788655632466346,-0.710810876297042,154.32356654615,118.711238560502,166,280,7,82,0
3836216002.73887,79.8635680675507,1.33105946779251,0.0221843244632085,3.75053145324878e-05,431.530015988821,16.9662859134744,17.1291226719375,16.2496913194448,0.624155493291263,-0.315984969385623,0.15408526195282,16.6079886164596,12.7754622497598,112,190,7,83,0
3836216003.44941,80.5741083621979,1.34290180603663,0.0223816967672772,0.00862539580308573,433.915056307919,156.229147307096,157.414612218426,157.699399611274,-1.12300327855939,0.916479842182498,-0.103261718188447,156.964273459185,120.74256530688,182,305,7,84,0
3836216003.92944,81.0541360378265,1.35090226729711,0.0225150377882852,-0.00127463924046848,431.619533807234,143.410291962813,137.690957561899,143.142906576392,-1.0905930742099,-0.404044493877198,-0.747318784043549,143.276599269603,110.213513960908,173,292,7,85,0
3836216004.56247,81.6871721744537,1.36145286957423,0.0226908811595705,-0.00026201369091384,431.287620856359,159.799856013993,160.828858062804,158.415661173236,-1.90830129486175,-0.13984965173005,-1.0240754732959,159.107758593615,122.391411175589,187,307,7,87,0
3836216006.27757,83.4022705554962,1.3900378425916,0.0231672973765267,-0.00112660835278923,431.675322863062,187.164966501248,188.64463307874,189.364344113933,-0.981230816760853,-0.180229734581345,-0.580730275671099,188.26465530759,144.819944930747,176,296,7,88,0
3836216006.86061,83.985303401947,1.39975505669912,0.0233292509449853,-0.000822523155314573,431.870376122833,100.031097226212,98.1010155262977,98.0162108540594,0.127142824245391,-0.220630498612242,-0.0467438371834259,99.0236540401355,76.172556667654,156,264,7,89,0
3836216008.70771,85.8324093818665,1.43054015636444,0.0238423359394073,0.00176590828229631,431.950273122159,17.6289065092459,17.187406085914,18.1799139572003,-0.461588845338619,2.33939495786994,0.938903056265661,17.9044102332231,13.7727163909578,121,199,7,91,0
3836216009.69577,86.8204658031464,1.44700776338577,0.0241167960564295,-0.000697336094528574,431.691208629091,117.430649796966,121.74777500049,117.770079280027,-0.598985748609407,-0.508608783971682,-0.553797266290545,117.600364538496,90.4624306058696,168,285,7,92,0
3836216011.21885,88.3435528278351,1.47239254713058,0.0245398757855097,0.000996335807271512,432.316346877236,100.350704567124,99.9680576589642,102.20182891303,-1.00785732332781,-1.19910339764926,-1.10348036048854,101.276266740077,77.9053473851833,162,277,7,96,0
3836216011.41087,88.5355641841888,1.47559273640315,0.0245932122733858,-0.000241508013186567,432.029607713535,134.348651952437,138.521653826681,136.055940180472,-1.55557640590987,-2.19064439090638,-1.87311039840812,135.202296066455,104.002469496276,180,304,7,97,0
3836216012.0194,89.1440985202789,1.48573497533798,0.0247622495889664,0.000235293036997633,431.923147188192,209.699222023688,214.356516385674,209.777828752763,-0.309002064201687,-1.84104613349825,-1.07502409884997,209.738525388225,161.338418233379,189,311,7,98,0
3836216012.10891,89.2336041927338,1.48722673654556,0.0247871122757594,-0.00313412244444802,432.163696573129,192.528777590016,194.509827028506,194.070910549172,-2.42454243990091,-0.76491055380766,-1.59472649685428,193.299844069594,148.693193247262,182,300,7,99,0
3836216012.73594,89.8606398105621,1.49767733017604,0.0249612888362673,-0.00117072073963612,431.481713138878,183.03779322492,185.029138813254,185.196967637632,-1.51512733040541,-1.85050747817823,-1.68281740429182,184.117380431276,141.629711914257,183,305,7,100,0
3836216013.25397,90.3786690235138,1.5063111503919,0.0251051858398649,-0.000376001565713591,431.346985899164,149.403653150666,150.562540777056,148.781410200253,0.0556361643946417,-1.37385895890769,-0.659111397256526,149.09253167546,114.687338372405,172,292,7,103,0
3836216013.48498,90.609682559967,1.51016137599945,0.0251693562666575,6.87963204454091e-05,431.572062379544,244.870352081518,257.423584889098,249.619086653956,-3.46052848170089,-5.970164946327,-4.71534671401394,247.244719367737,190.189531777769,222,360,7,104,0
3836216014.94107,92.0657658576965,1.53442943096161,0.0255738238493601,0.000885568029666662,431.891523471846,29.1342290462511,27.183507485821,28.4423039085853,0.367636475105214,0.0362456594714401,0.201941067288327,28.7882664774182,22.1449701171991,126,210,7,105,0
3836216015.67061,92.7953073978424,1.54658845663071,0.0257764742771784,-0.00151528168096372,431.670563863862,250.883668332132,263.591658083453,253.607267558149,-3.85199630387342,-4.3591677118679,-4.10558200787066,252.245467945141,194.036287465441,201,327,7,110,0
3836216016.45515,93.579852104187,1.55966420173645,0.0259944033622742,-0.00039391849114971,431.330606499752,239.619142729065,253.372688583731,241.883711663676,-1.83509366664993,-3.45526949744608,-2.64518158204801,240.75142719637,185.194657869333,189,314,7,111,0
3836216018.37376,95.4984622001648,1.59164103666941,0.0265273506111569,-0.000303576304909005,431.707806488495,191.288540750371,198.383459038668,194.260740950258,-2.75186175598807,-2.16240155434925,-2.45713165516866,192.774640850315,148.289188038906,183,304,7,112,0
3836216020.40238,97.5270783901215,1.62545130650202,0.0270908551083671,0.00109205277812779,431.964337896943,119.00099983401,117.185068003824,119.658821558888,0.23912615380181,-1.53304372151617,-0.646958783857179,119.329910696449,91.7928597240738,165,277,7,115,0
3836216020.60139,97.7260897159576,1.62876816193263,0.0271461360322105,7.65036420503071e-05,432.105920525644,178.892206453963,175.549070942988,180.899140851619,-2.05560464735164,-2.27104358750872,-2.16332411743018,179.895673652791,138.382223201226,186,318,7,116,0
3836216021.80346,98.9281585216522,1.64880264202754,0.0274800440337923,-0.000523686193766023,432.950568764102,226.866903458029,225.367759172223,228.748927919336,-5.04874794278928,-5.04890296023346,-5.04882545151137,227.807915688682,175.238043226551,188,312,7,117,0
3836216023.14954,100.274235486984,1.6712372581164,0.0278539543019401,0.000599422257314594,432.382528547249,144.197747380977,144.75325144657,143.521220248994,-0.209048089374682,-0.717751363741667,-0.463399726558175,143.859483814985,110.661889720157,175,296,7,120,0
3836216023.49706,100.621755361557,1.67702925602595,0.0279504876004325,-0.00151680061673876,432.911859319883,188.390572316774,186.911415429467,188.431073108663,-3.60108190643526,-0.972242235973985,-2.28666207120462,188.410822712718,144.932382156559,195,322,7,121,0
3836216024.1786,101.303293943405,1.68838823239009,0.0281398038731681,-0.000681844877084294,432.551833810603,108.166958808362,107.616363096905,107.998148599573,-1.61677014755326,-0.26260786337417,-0.939689005463714,108.082553703968,83.1409881467647,165,275,7,122,0
3836216024.41661,101.541308164597,1.69235513607661,0.0282059189346102,0.000188299298519469,432.696669835631,192.58677288418,199.353867956791,194.569405140899,-4.07664905404077,-3.74390838043104,-3.9102787172359,193.578089012539,148.907229266124,185,309,7,123,0
3836216024.94164,102.066337823868,1.7011056303978,0.0283517605066299,-0.000747936179904276,432.775483125414,156.353900808888,160.385191747042,156.299380963936,-2.05937133465514,-0.312759463395008,-1.18606539902508,156.326640886412,120.25207539562,184,308,7,126,0
3836216026.22721,103.3519115448,1.72253185908,0.0287088643179999,-0.000186356200817678,432.245890743681,147.636432682634,152.264564419402,147.132548083975,-0.704415334375498,-0.585398068677598,-0.644906701526548,147.384490383304,113.373451570523,189,309,7,127,0
3836216028.08932,105.214017629623,1.75356696049372,0.0292261160082287,-0.00103296009207566,431.777294011243,212.461443324283,213.837055305715,213.54232922567,-0.480388686721267,0.27682802992257,-0.101780328399348,213.001886274977,163.848712813826,180,299,7,129,0
3836216028.43584,105.560537815094,1.75934229691823,0.0293223716153039,0.00265204507466583,432.510419678221,273.246120219486,272.836655584163,273.458518283777,-2.62402489418126,-3.32989060159179,-2.97695774788652,273.352319251632,210.272436724969,195,324,7,130,0
3836216028.56035,105.685045003891,1.76141741673152,0.0293569569455253,7.08236864081468e-05,431.841547154465,161.823385957386,166.62973485278,160.498047371104,-2.26860515877916,-0.203806267351048,-1.2362057130651,161.160716664245,123.970620370476,179,291,7,131,0
3836216029.12038,106.24507689476,1.77075128157934,0.0295125213596556,-3.12527191836102e-05,431.465860508981,126.782988430834,127.943017614657,127.23544066443,-1.78359092252066,-0.940709430816425,-1.36215017666854,127.009214547632,97.7000564786519,173,289,7,132,0
3836216029.99093,107.115626573563,1.78526044289271,0.0297543407148785,-0.000936437466896821,431.151780494503,137.574117313851,138.109632793433,136.34351899852,-1.45521055762572,1.50572475369488,0.0252570980345806,136.958818156186,105.353649471555,175,284,7,133,0
3836216030.88598,108.010677814484,1.80017796357473,0.0300029660595788,0.0004775120246987,431.54168479476,123.987041558727,121.575564616135,124.307508428535,-1.86987426968278,-0.65185743339053,-1.26086585153665,124.147274993631,95.4985496268832,200,331,7,134,0
3836216031.34701,108.471704244614,1.80786173741023,0.0301310289568371,-0.00133527161110231,431.573809174352,82.7966775626592,83.3847623431005,83.4471048619694,0.0390603720020144,1.59966928113552,0.819364826568766,83.1218912123143,63.9403486981636,170,287,7,135,0
3836216040.15651,117.28120803833,1.95468680063883,0.0325781133439806,-0.000180145174032235,431.186701385032,26.4852637117895,23.8619457293236,26.8672219130504,-1.88603703467481,-0.0419193567310945,-0.963978195702953,26.6762428124199,20.5203255424766,104,203,7,136,0
3836216052.2917,129.416402339935,2.15694003899892,0.035949000649982,-0.000157123994187738,387.920531906725,181.267570621164,180.683061255167,181.003090408558,-2.65787248405105,0.196447484293683,-1.23071249987868,181.135330514861,139.335811851229,160,268,7,140,0
3836216052.76223,129.886928796768,2.1647821466128,0.0360797024435467,0.000660606406470773,389.044129206815,220.396035829881,227.204191606505,221.062073532486,-2.58907070255721,-2.09287638836062,-2.34097354545892,220.729054681184,169.792728705865,202,334,7,143,0
3836216053.57728,130.70197558403,2.17836625973384,0.0363061043288973,0.000119994518743296,390.422621311323,62.3811238824975,57.529485618343,61.3714497719194,-0.611670183157148,0.9339274489755,0.161128632909176,61.8762868272084,47.5974655794786,160,268,7,147,0
3836216053.9268,131.051495552063,2.18419159253438,0.0364031932089064,0.000640922971520713,390.538560638089,161.345516880247,167.09074862512,160.861737515255,-2.06208056189548,-1.71891164476135,-1.89049610332841,161.103627197751,123.926705099283,192,316,7,148,0
3836216054.11531,131.240006685257,2.18733344475428,0.0364555574125714,-0.00112543004472175,391.42658892951,317.631848427985,333.687804505607,320.387625941177,-5.51139863503874,-5.11582019561463,-5.31360941532668,319.009737184581,245.39376494203,202,335,7,150,0
3836216054.56333,131.688032150269,2.19480053583781,0.0365800089306302,-0.00178672295768661,392.036304292028,180.066484433077,185.056547154642,179.888201206678,-1.80647022840148,-1.67920592797465,-1.74283807818806,179.977342819877,138.44504606227,182,302,7,151,0
3836216055.34538,132.470077037811,2.20783461729685,0.0367972436216142,-0.00107696859216871,393.144449899468,193.790868240549,193.185279113575,195.549710075327,-2.60272818366599,-0.95003223002861,-1.7763802068473,194.670289157938,149.747388905498,186,305,7,157,0
3836216055.83641,132.961105108261,2.21601841847102,0.0369336403078503,0.0003246795247671,393.734572807919,175.551733591213,177.113556909292,178.641388048367,-2.16869765037452,-2.59449308249442,-2.38159536643447,177.09656081979,136.229044923191,178,302,7,158,0
3836216056.13892,133.263622522354,2.22106037537257,0.0370176729228761,5.46741912674233e-05,393.372653530395,310.535385656238,299.607728157294,311.731384654308,-7.49624318555472,-4.57343258185655,-6.03483788370564,311.133385155273,239.334991640818,173,291,7,159,0
3836216056.64395,133.768651485443,2.22947752475739,0.0371579587459564,-0.00111514385946214,394.073052034539,191.038307800481,195.734349348192,192.019137504335,-2.99757436580797,-0.198376822972706,-1.59797559439034,191.528722652408,147.330782944151,190,316,7,160,0
3836216057.09098,134.215676784515,2.23692794640859,0.0372821324401432,0.000126723927541193,394.438241052085,207.908922700295,215.482421013649,206.09439889552,-4.97797040703525,-2.37921512131413,-3.67859276417469,207.001660797908,159.233123542747,193,313,7,162,0
3836216058.34555,135.470248222351,2.25783747037252,0.0376306245062086,-0.000931351643971267,395.514003961831,239.339510434797,249.427531977332,240.499280866489,-4.39139214662523,-1.8929841397392,-3.14218814318222,239.919395650643,184.554629275352,189,316,7,163,0
3836216059.1846,136.309296131134,2.27182160218557,0.0378636933697595,-0.0014572221018401,395.388221581846,92.8982268616015,93.0979277556793,93.5902786923049,-0.96444974272505,-0.061007838369285,-0.512728790547167,93.2442527769532,71.7268333251642,174,290,7,164,0
3836216059.2606,136.38530087471,2.27308834791183,0.0378848057985306,-0.000327511355191266,395.80943548793,201.002708519686,201.465758335222,199.682987802537,-3.09262328429737,-3.99192271104492,-3.54227299767114,200.342848161112,154.110925338366,177,296,7,165,0
3836216060.40617,137.530866622925,2.29218111038208,0.038203018506368,-0.000501196749091629,396.061688663546,237.566196780051,247.944883809259,239.735579808045,-4.60760086873879,-3.67382005657444,-4.14071046265661,238.650888294048,183.578847787179,198,329,7,167,0
3836216061.52023,138.644929647446,2.31074882745743,0.0385124804576238,-0.000331497282274946,395.846565209998,126.559016878912,126.627674729364,128.320149409642,-1.49920784249946,-5.18121951375652,-3.34021367812799,127.439583144277,98.0311114839807,183,299,7,170,0
3836216061.93476,139.059453725815,2.31765756209691,0.0386276260349486,0.00133298048252549,396.364520216968,241.042222677582,234.394533994288,242.485175466942,-6.75640451074925,-5.93102538344896,-6.34371494709911,241.763699072262,185.973333808702,182,309,7,173,0
3836216062.19977,139.324468851089,2.32207448085149,0.0387012413475249,0.000779121136122007,396.324478058083,165.912912058868,180.070142260878,166.542250691266,-1.48907126889185,-1.56525421639742,-1.52716274264463,166.227581375067,127.868234966236,187,309,7,174,0
3836216064.11138,141.236078500748,2.35393464167913,0.0392322440279855,-0.00186630621714702,398.253449015384,97.7078656659479,97.5384063880743,99.5271893490607,-0.657609908048527,2.29469588940907,0.818542990680269,98.6175275075043,75.8601495299761,156,267,7,175,0
3836216064.4389,141.563596963882,2.35939328273137,0.0393232213788562,0.000464134365030398,397.710129727074,202.225591752591,206.922331958467,202.312248201304,-2.33117476113671,-2.34462071662147,-2.33789773887909,202.268919976948,155.592529061838,194,320,7,176,0
3836216065.30295,142.427646636963,2.37379411061605,0.0395632351769341,0.00223401681678803,398.329370033188,156.945797426624,157.342624806818,157.176891821717,-1.71338556634588,-2.29280942792023,-2.00309749713306,157.061344624171,120.817235938734,179,294,7,180,0
3836216065.88798,143.01268029213,2.38354467153549,0.0397257445255915,0.000394689745769961,397.359196172798,206.532590067873,210.196092019542,207.393044268787,-3.3661993393193,-2.963835640907,-3.16501749011315,206.96281716833,159.203243625632,211,336,7,183,0
3836216068.19261,145.317311763763,2.42195519606272,0.0403659199343787,0.000671297415178899,397.891357957538,131.295398724099,134.000430618676,131.265299456147,-0.207080720768599,-0.703306587681069,-0.455193654224834,131.280349090123,100.985566805722,166,284,7,184,0
3836216069.13067,146.255365371704,2.43758942286173,0.0406264903810289,-0.000863507890336794,397.877549875377,131.757795717947,131.865232096199,133.573580100702,-1.23080216867532,0.426106619534228,-0.402347774570543,132.665687909325,102.051219257476,174,286,7,185,0
3836216070.24973,147.374429225922,2.45624048709869,0.0409373414516449,-0.00113197261951449,398.571199747052,254.152561783617,264.103070857894,257.604409667884,-5.39124459572911,-10.88053593326,-8.13589026449456,255.878485725751,196.830935425574,192,322,7,186,0
3836216072.03633,149.161031484604,2.48601719141006,0.0414336198568344,0.000493155603941598,398.235751308623,151.043447839006,152.855423931176,152.56995163029,-0.412439982490397,-1.18593093162522,-0.79918545705781,151.806699734648,116.775174074875,193,319,7,187,0
3836216074.91,152.034696102142,2.53391160170237,0.0422318600283729,-0.00101377163448063,398.600229144841,132.399371955023,133.287632618404,131.485863883893,-0.876979863773176,-1.31702971839914,-1.09700479108616,131.942617919458,101.49500781172,176,291,7,189,0
3836216075.24902,152.373715400696,2.53956192334493,0.0423260320557488,0.000857650031471032,398.101990241982,167.568277557678,168.499009591587,169.239350764908,-2.64404736217784,-0.120064727359245,-1.38205604476854,168.403814161293,129.542271506674,195,317,7,190,0
3836216075.35652,152.481221914291,2.54135369857152,0.042355894976192,-6.10070992618979e-05,397.910485320819,117.371389341114,116.652056530341,116.586814515368,0.227274407544826,-1.73665855170716,-0.754692072081165,116.979101928241,89.984533058623,176,296,7,191,0
3836216075.68954,152.814240217209,2.54690400362015,0.0424484000603358,0.00070288015540789,397.802428525392,183.297543148132,182.969731776956,185.293848821027,-2.88566180196624,-3.7297006001241,-3.30768120104517,184.29569598458,141.766878652047,163,280,7,192,0
3836216077.09162,154.216320991516,2.57027201652527,0.0428378669420878,0.000349386969254363,398.395303230375,262.6343674909,276.091754770097,262.809413427541,-6.37436943770672,-5.48087534691063,-5.92762239230867,262.72189045922,202.095128510679,216,345,7,194,0
3836216078.53421,155.658903360367,2.59431505600611,0.0432385842667686,0.000619843648901879,399.762825642092,211.55249843678,207.940685485206,215.449280662301,-5.86565705006095,-3.70089406415535,-4.78327555710815,213.50088954954,164.232564082268,185,307,7,196,0
3836216079.33825,156.462949037552,2.60771581729253,0.0434619302882089,0.00130252808181938,399.241275521904,90.8899499697367,88.4995018317524,90.8221615931418,0.430888354944046,0.362968705632022,0.396928530288034,90.8560557814392,69.8897462903778,160,273,7,197,0
3836216079.69577,156.820469617844,2.61367449363073,0.0435612415605121,-0.00394066500444766,399.926332085551,81.1248024006193,76.9595889734573,81.0100006328166,0.681332764693374,1.52396810445322,1.1026504345733,81.067401516718,62.3599613222596,169,278,7,199,0
3836216080.07029,157.194991111755,2.61991651852926,0.0436652753088209,-0.000373743487159329,398.890244622026,205.795822974415,218.495970446823,209.080851193387,-1.9465065486665,-3.56145167835518,-2.75397911351084,207.438337083901,159.569030649616,189,320,7,200,0
3836216080.61482,157.739522218704,2.6289920369784,0.0438165339496401,-0.000222235296786653,398.60667444565,132.87292231696,133.053853797331,134.996028848751,1.06306588313997,0.294729436914899,0.678897660027433,133.934475582855,103.027216375519,204,330,7,202,0
3836216081.26436,158.389059305191,2.63981765508652,0.0439969609181086,0.000143889960837364,398.622015033711,203.125412423811,211.276297063416,203.884616764171,-3.47954569159294,-3.21438785141769,-3.34696677150531,203.505014593991,156.543377504829,188,308,7,204,0
3836216085.98113,163.105829000473,2.71843048334122,0.0453071747223536,-0.000152567814500016,397.258018259852,118.513295208963,118.685034157571,119.459183497859,-0.0909276917801906,-2.02666171066872,-1.05879470122446,118.986239353411,91.5284953648066,177,297,7,209,0
3836216086.12864,163.253337860107,2.72088896433512,0.0453481494055854,-0.00132966671888105,397.315314731759,108.581242947212,109.046049571399,108.70808524003,-1.4535299043975,-0.253938208990925,-0.853734056694215,108.644664093621,83.5733836781598,170,289,7,210,0
3836216088.58178,165.706477642059,2.76177462736766,0.0460295771227943,-0.00102871760675388,399.395971856817,222.065381483771,224.226124763518,221.776146742426,-3.22284138964656,-2.9508268940921,-3.08683414186933,221.920764113098,170.709434467875,187,309,7,211,0
3836216088.9828,166.107501029968,2.76845835049947,0.0461409725083245,-0.00150681092200196,398.617990710911,157.293535386188,156.395229169709,158.653081129421,0.690012820405597,-0.481354662162982,0.104329079121307,157.973308257805,121.51875116997,172,285,7,212,0
3836216089.51933,166.64403128624,2.77740052143733,0.0462900086906221,0.00151219155349987,399.005202532757,183.079267346886,184.578333165643,185.081936530315,-2.61424743408783,-0.570772930896828,-1.59251018249233,184.0806019386,141.601420574731,193,324,7,213,0
3836216093.62257,170.747266292572,2.84578777154287,0.0474297961923811,0.00159095677212892,397.825817497503,105.77392392445,106.188768823814,106.430368324001,1.10238640883777,-0.126052252070706,0.488167078383534,106.102146124225,81.6175873991835,166,279,7,216,0
3836216099.23489,176.359587430954,2.93932645718257,0.0489887742863761,-0.000663565626645478,399.684085545761,210.536856725194,217.102480209033,212.980675475107,0.252556891463093,-1.28351194513903,-0.51547752683797,211.758766100151,162.892460059073,189,316,7,219,0
3836216102.9931,180.117801904678,3.00196336507797,0.0500327227512995,0.000706475760433977,398.026896519994,172.06143501215,182.83003052628,175.423581752812,-1.17966201143095,-2.999751124205,-2.08970656781798,173.742508382481,133.648987139788,187,306,7,220,0
3836216104.18267,181.307370185852,3.02178950309753,0.0503631583849589,-0.00152538022234986,398.222924354237,173.263417618701,172.695977360722,173.762706977959,-1.57072354670522,-1.88887801653179,-1.72980078161851,173.51306229833,133.472488958454,184,309,7,221,0
3836216106.98633,184.111030578613,3.06851717631022,0.0511419529385037,0.0010381320388525,399.064573344803,183.437678559563,186.435228778167,184.670074151042,0.227915484087429,-0.8367014509663,-0.304392983439436,184.053876355302,141.580862294712,193,322,7,222,0
3836216107.99939,185.124088525772,3.08540147542953,0.0514233579238256,0.000936371204853943,397.529566927869,239.992318677637,239.869703689707,243.455524457372,-4.61413022998746,-2.07171567754903,-3.34292295376824,241.723921567505,185.942735521206,201,324,7,223,0
3836216108.1274,185.252095937729,3.08753493229548,0.051458915538258,0.00549927096100099,399.277213972154,406.903693549112,420.789087826482,412.135764827001,-16.8886457815835,-23.4475690101649,-20.1681073958742,409.519729188056,315.017306526138,253,391,7,224,0
3836216111.7536,188.878303289413,3.14797172149022,0.0524661953581704,-0.00131781746599293,398.045107810209,237.790068124638,247.41380030151,239.930168454665,-2.86916027402156,0.521574346241474,-1.17379296389005,238.860118289652,183.73979502601,178,306,7,225,0
3836216112.33064,189.455336093903,3.15758893489838,0.0526264822483063,-0.000544437998183313,398.147074875799,103.929802019471,103.190497241505,104.915303661344,-2.3536057042915,-2.65677899688844,-2.50519235058997,104.422552840408,80.325583828619,184,303,7,226,0
3836216113.3292,190.453893184662,3.1742315530777,0.0529038592179616,0.00163487591027148,397.831124821468,135.130625926245,138.522002420615,136.402165807701,-0.887345563925777,-1.37658064394178,-1.13196310393378,135.766395866973,104.436395354069,173,294,7,227,0
3836216113.83972,190.964422464371,3.18274037440618,0.0530456729067696,0.000623201904898249,397.926958366534,200.672888839463,206.804259642319,203.561200561732,-0.908699219665328,-2.06974934698939,-1.48922428332736,202.117044700598,155.475701136164,183,308,7,228,0
3836216115.44582,192.570514440536,3.20950857400894,0.0534918095668157,-0.000986490715208113,397.394573832062,214.431470184491,229.519389840685,216.323663198925,-2.74199800396959,-3.41040788675038,-3.07620294535998,215.377566691708,165.676171645979,194,321,7,229,0
3836216116.40687,193.531569242477,3.22552615404129,0.0537587692340215,0.00146033619894215,397.443202989455,189.27262788296,189.673226184674,189.78191135253,-1.92880209977671,-2.02020614210311,-1.97450412093991,189.527269617745,145.791193275619,175,294,7,230,0
3836216117.52394,194.648633480072,3.24414389133453,0.0540690648555756,-0.00141603583183533,397.744509582785,20.3977288435517,16.7348964758759,20.528720841529,-0.285699980521224,1.34873385421292,0.531516936845847,20.4632248425403,15.7410486315681,123,191,7,231,0
3836216126.18043,203.305128097534,3.38841880162557,0.0564736466937595,0.00120158174874548,398.227212381553,143.766149960877,145.415125250554,145.086933214597,-0.8715278068219,-2.08862509699072,-1.48007645190631,144.426541587737,111.098090956593,177,292,7,232,0
3836216129.63463,206.759325742722,3.44598876237869,0.0574331460396449,0.000220755912619697,397.75204337642,202.863699761619,213.699419335211,206.059961508965,-4.61963400611488,-2.24054976027409,-3.43009188319448,204.461830635292,157.279394821429,196,323,7,233,0
3836216132.6948,209.819500923157,3.49699168205261,0.0582831947008769,0.000202539273669588,398.449054374174,175.836347183899,178.652740227038,176.642419444201,0.519605742044958,0.94629744726706,0.732951594656009,176.23938331405,135.569673152242,182,308,7,234,0
3836216132.78381,209.908505678177,3.49847509463628,0.058307918243938,0.000224592794033251,397.869595294307,118.654266377543,119.615555879303,119.570611548822,0.0346900979931138,-0.61335800410209,-0.289333953054488,119.112438963182,91.6255726441689,176,290,7,235,0
3836216144.31797,221.442665576935,3.69071109294891,0.0615118515491486,0.00270363640867254,397.30651080182,180.122202388638,180.71687073844,182.064958286921,-3.48350388349087,-1.38170332141092,-2.4326036024509,181.093580337779,139.303696113222,170,285,7,2,1
3836216145.19652,222.321216106415,3.70535360177358,0.061755893362893,-0.000592239721425295,397.768647779519,119.104375305267,120.669348662107,120.484867939337,-1.24285174806597,0.745357254083869,-0.248747246991048,119.794621622302,92.1503320843569,167,279,7,3,1
3836216146.6866,223.811301708221,3.73018836180369,0.0621698060300615,0.00163675610750823,397.903849269385,208.366293171678,209.909865493308,209.538528476302,-1.32912828800449,-1.73912118027583,-1.53412473414016,208.95241082399,160.733710633241,176,298,7,4,1
3836216147.16063,224.285328865051,3.73808881441752,0.062301480240292,0.00377875200869951,398.259681737494,141.885522019168,145.419941364781,144.866254162031,0.963948376495499,-0.760734405248744,0.101606985623377,143.3758880906,110.289890493537,179,297,7,5,1
3836216148.4122,225.536900043488,3.75894833405813,0.0626491389009688,0.000425368825599954,397.783077314639,108.108101005672,108.152882148816,110.59419391704,0.128207785093333,-1.08635899331551,-0.479075604111089,109.351147461356,84.1168360975356,183,299,7,6,1
3836216148.68372,225.808415651321,3.76347359418869,0.0627245599031448,-0.00174390617766687,397.846490808521,152.55057256782,155.373921180255,154.565469740207,-2.53348205581044,-0.918939963169259,-1.72621100948985,153.558021154014,118.122353507436,181,296,7,7,1
3836216149.24125,226.365947246552,3.77276578744253,0.0628794297907087,0.000187955086988279,396.875181485799,132.819102774869,132.911614936819,134.053206258677,-0.220463445700513,-0.535543975135915,-0.378003710418214,133.436154516773,102.643889886381,164,276,7,8,1
3836216149.40626,226.530956745148,3.77551594575246,0.062925265762541,0.00455280068678574,397.033832660197,242.491303980572,250.31823380047,243.47253900282,-6.26174871251981,-5.30715936327607,-5.78445403789794,242.981921491696,186.910434314411,210,347,7,10,1
3836216150.53882,227.663521528244,3.79439202547073,0.0632398670911789,-0.00210058359156447,397.442662428688,109.855794077897,108.569790683405,110.575810380527,-0.330074527838722,0.448191007224647,0.0590582396929625,110.215802229212,84.7819596474681,184,305,7,11,1
3836216150.60233,227.727025270462,3.79545042117437,0.0632575070195728,0.00240217992584996,396.421869720202,218.518574152588,230.541198313664,222.303857091044,-3.78600857812373,-2.1825506781656,-2.98427962814467,220.411215621816,169.54823546841,190,315,7,12,1
3836216152.05691,229.181608915329,3.81969348192215,0.0636615580320358,-0.000236758016925453,395.482278530061,209.337896403218,218.014795736882,213.727794329512,-2.44255712711729,0.889332843535214,-0.776612141791039,211.532845366365,162.71867370405,203,328,7,14,1
3836216153.25998,230.384677648544,3.83974462747574,0.0639957437912623,0.00278509173733928,396.187676911154,143.362448221727,148.168108352965,145.582030010566,-2.25111600221232,-0.703791105070432,-1.47745355364138,144.472239116146,111.133243139232,181,301,7,15,1
3836216154.07203,231.196724176407,3.85327873627345,0.0642213122712241,0.00317111123008914,395.924546735728,253.795506080667,262.685551627682,256.975064851243,-4.38129203672452,-1.94507685644527,-3.1631844465849,255.385285465955,196.451548044832,202,325,7,16,1
3836216155.71062,232.835317611694,3.88058862686157,0.0646764771143595,0.00560120976671501,396.090460909876,173.573233017486,183.053555763591,175.796176726334,-1.36884681337877,-0.409312586124526,-0.889079699751649,174.68470487191,134.373758571208,187,314,7,17,1
3836216161.41995,238.544644117355,3.97574406862259,0.0662624011437098,0.000684721101723176,397.394939059821,11.656265297332,15.279363418812,11.1810974341149,-1.70798693127453,1.24178566268448,-0.233100634295022,11.4186813657234,8.78366044791599,130,190,7,19,1
3836216162.07898,239.203681468964,3.98672802448273,0.0664454670747121,0.00608529867874271,397.085748844127,187.574451808526,192.535855465638,190.75249686723,-1.41377231382204,-3.35385673575783,-2.38381452478994,189.163474337878,145.511348860265,202,328,7,20,1
3836216164.47262,241.597318410873,4.02662197351456,0.0671103662252426,0.00100544330590959,396.843960758586,116.596434144921,115.370980487726,116.153983125908,-0.882903615357805,-0.317640153684086,-0.600271884520945,116.375208635415,89.5199966151345,180,296,7,21,1
3836216164.64463,241.769328832626,4.02948881387711,0.0671581468979518,-9.09472795860089e-05,397.006816842553,135.735143731716,136.745908672915,135.384763839478,-1.62182404813393,0.85814903955717,-0.38183750428838,135.559953785597,104.277592679146,156,275,7,22,1
3836216165.24066,242.365362405777,4.03942270676295,0.0673237117793825,-0.00021701684007448,397.782565186278,150.536394270454,148.228130500113,153.004121027829,-0.237238752372115,-0.0684900414671386,-0.152864396919627,151.770257649142,116.747141511845,192,319,7,23,1
3836216165.47668,242.601376056671,4.04335626761119,0.0673892711268531,0.00568574817219375,397.249255154775,174.331042493427,180.938190427704,176.322190822817,-1.10338195437162,-1.73382742532607,-1.41860468984885,175.326616658122,134.867540207372,187,313,7,24,1
3836216168.94938,246.074074745178,4.1012345790863,0.0683539096514384,0.00400388156119547,396.242550663836,121.803106777654,124.770323895788,124.327754331873,-0.212279374611716,-3.20341365309557,-1.70784651385365,123.065430554763,94.6663559694785,188,308,7,25,1
3836216170.35696,247.48165512085,4.12469425201416,0.068744904200236,-4.71500408961475e-05,397.654926729718,50.6926874854068,53.4552585300342,50.1312749817096,1.68077186654143,0.699659092333384,1.19021547943741,50.4119812335582,38.7787093342922,147,253,7,26,1
3836216170.67348,247.798173666,4.12996956110001,0.0688328260183334,-0.00130587993836777,397.683463798849,151.170113762028,152.717065670032,150.792832590907,-3.62944422248064,-1.08601146924211,-2.35772784586137,150.981473176467,116.140380122097,176,295,7,27,1
3836216171.09,248.214697122574,4.13691161870956,0.0689485269784927,-0.00078166651139959,398.087801685766,157.983887018604,157.572996577977,158.573274101945,-0.257377850966874,-0.782497161574751,-0.519937506270812,158.278580560274,121.75357760598,177,299,7,28,1
3836216171.91605,249.040744304657,4.15067907174428,0.0691779845290714,0.00136577347114037,398.1238533906,164.31134834593,166.619017310711,167.206356018025,-0.100472950945039,-2.64188977546248,-1.37118136320376,165.758852181977,127.507671610254,181,299,7,29,1
3836216172.23606,249.360762357712,4.15601270596186,0.0692668784326977,-0.00170417037702852,398.447170313628,164.269590411042,171.573122858159,165.707432250119,-0.673972182926239,-0.405348450117718,-0.539660316521979,164.988511330581,126.915097717427,190,311,7,30,1
3836216172.45258,249.577275276184,4.15962125460307,0.0693270209100511,-0.00041462282387158,397.818746164263,116.955739230448,120.015472633529,120.830745477154,-0.494057108436165,-0.564436217135531,-0.529246662785848,118.893242353801,91.4569587275111,177,298,7,31,1
3836216175.43025,252.554945707321,4.20924909512202,0.070154151585367,0.00921419947847211,397.207625332415,196.509594940101,206.209386930078,201.136119377289,-1.14311331013151,-2.42034796415587,-1.78173063714369,198.822857158695,152.941693583709,194,325,7,32,1
3836216178.00239,255.127092838287,4.25211821397146,0.0708686368995243,-0.000249430402093211,395.720403989592,164.006494026475,170.203673759144,167.950864566299,-4.18563383628661,-2.8370519055115,-3.51134287089905,165.978679296387,127.676770534059,204,340,7,33,1
3836216179.07196,256.196653842926,4.26994423071543,0.0711657371785906,0.00996098153363898,398.72715949794,200.554321955711,207.119740725767,204.553660368582,-3.04750161271512,-2.05900066529795,-2.55325113900654,202.553991162146,155.811816071789,196,323,7,34,1
3836216179.7805,256.90519452095,4.28175324201584,0.0713625540335973,0.00560479869792963,398.838409859868,205.168445558259,216.518222605971,207.773077674714,-1.82912233985846,-4.11959575846599,-2.97435904916223,206.470761616486,158.824736795422,197,325,7,35,1
3836216182.91818,260.042873620987,4.33404789368312,0.0722341315613853,0.00147123437325691,396.259720540611,129.62817679654,132.844805337436,131.202046435522,-1.15274871419905,-1.05720703684519,-1.10497787552212,130.415111616031,100.319995017192,183,303,7,37,1
3836216183.17419,260.298888206482,4.33831480344137,0.0723052467240228,0.00367607947861937,396.579070024087,147.272086867038,148.896756359325,148.352979259457,-3.03267326877925,-0.762325155996837,-1.89749921238804,147.812533063247,113.702717397059,191,318,7,39,1
3836216183.79973,260.924423933029,4.34874039888382,0.0724790066480637,0.00313094244144548,396.536726466156,163.758670090315,168.955759943972,165.514291597331,-0.564696023334053,-1.85317824030807,-1.20893713182106,164.636480843823,126.644303204124,198,318,7,40,1
3836216188.94652,266.071218490601,4.43452030817668,0.0739086718029446,-0.000104861021190845,396.95644341261,123.483157569101,123.641465758258,125.932222221692,1.29120632580765,-0.73205661115203,0.279574857327812,124.707689895396,95.9296409280062,166,280,7,42,1
3836216194.39883,271.523530483246,4.52539217472076,0.0754232029120127,0.00141027003143509,397.291955748007,149.495286489939,154.106366029135,151.345835176453,0.78524285563414,-0.865107499349066,-0.039932321857463,150.420560833196,115.708906171074,182,306,7,44,1
3836216199.48612,276.610821723938,4.61018036206563,0.0768363393677605,0.00157490940309496,396.576544172228,100.120430668193,110.347077301648,101.827967469786,-1.88353209450388,-5.82325896299872,-3.8533955287513,100.974199068989,77.6729860669061,179,299,7,46,1
3836216199.65013,276.774830341339,4.61291383902232,0.0768818973170386,0.00373271446516234,396.094636018287,104.606078486728,109.290704431067,107.049916830485,-1.40300895309025,-1.34835581551667,-1.37568238430346,105.827997658607,81.4067025380347,187,305,7,47,1
3836216201.26573,278.390423297882,4.63984038829804,0.0773306731383006,0.00361819151234724,396.222688593167,209.869840863561,215.558601628947,207.710592862174,-8.15384449283348,-8.43707439189819,-8.29545944236583,208.790216862868,160.608945204067,206,341,7,48,1
3836216204.10189,281.226585626602,4.68710976044337,0.0781184960073895,0.0036912762500751,396.096030648814,180.369276325252,188.354623503897,183.113003522033,-4.11812330398906,-3.78360641986258,-3.95086486192582,181.741139923642,139.801822240034,194,320,7,49,1
3836216206.18951,283.314204931259,4.72190341552099,0.0786983902586831,0.0123665649028235,396.083918910395,200.104144265832,209.672411836664,205.849088828985,-0.96848047371146,-4.00420717708268,-2.48634382539707,202.976616547408,156.136914720391,206,336,7,50,1
3836216206.89905,284.023745775223,4.73372909625371,0.0788954849375619,-0.000167608037504858,396.381676406247,89.8693462871452,90.5597775380409,90.9742536574784,-0.223191162320295,-1.06304292330911,-0.643117042814703,90.4217999723118,69.5557011013807,177,301,7,56,1
3836216207.55709,284.68178319931,4.74469638665517,0.0790782731109195,0.00741613224896374,396.060998981563,227.30743861894,234.389069512752,230.022598939028,-3.14373583400168,-1.46193812203948,-2.30283697802058,228.665018778984,175.897357754468,199,327,7,57,1
3836216210.06523,287.18992638588,4.78649877309799,0.0797749795516332,0.00194816088069341,395.315782321637,91.9118191356738,90.3411957056464,92.013529079315,0.862117963618276,-0.344138238862817,0.258989862377729,91.9626741074944,70.7409969129486,169,281,7,60,1
3836216212.24285,289.367551326752,4.82279252211253,0.0803798753685421,0.00370965053221363,395.952948375695,253.85210576864,264.698148673041,257.602823052082,-4.18586317936713,-3.72243652527135,-3.95414985231924,255.727464410361,196.714764397388,201,332,7,61,1
3836216212.52987,289.654567241669,4.82757612069448,0.0804596020115746,0.000566972492179372,395.300771896298,52.0827202471345,52.0398240332315,54.153894359049,0.38424783199334,-1.5382998790984,-0.577026023552528,53.1183073030917,40.8605126962358,154,251,7,63,1
3836216214.02245,291.147152900696,4.85245254834493,0.0808742091390822,0.00310050689821948,394.294253195629,171.476603655837,176.85853343099,172.913122167925,-1.15495854143563,0.0602597597670715,-0.547349390834281,172.194862911881,132.458482573445,181,307,7,67,1
3836216215.36803,292.492729663849,4.87487882773081,0.0812479804621802,0.00649194838182302,394.063936951369,153.172205558431,155.604114544691,152.995215752248,-2.73125996836609,-2.65819620415597,-2.69472808626103,153.08371065534,117.757496810432,197,320,7,68,1
3836216215.87106,292.995758533478,4.88326264222463,0.0813877107037438,0.00643578075449374,394.415320732713,157.813596018654,159.226006807936,157.904059148148,-2.74274570313139,-2.98724382555069,-2.86499476434104,157.858827583401,121.430688517234,198,318,7,71,1
3836216216.5106,293.635295152664,4.89392158587774,0.0815653597646289,0.00448556235520617,394.337645778909,123.351697460736,119.649661712147,122.937599412215,0.0430688876104539,-0.225316387311889,-0.0911237498507175,123.144648436475,94.7272932136377,165,286,7,72,1
3836216217.12863,294.253330469131,4.90422217448552,0.0817370362414254,-0.0013430519720064,394.970699747159,193.400412071297,199.981973681137,194.23783604933,-3.13735148574084,-4.21254711300804,-3.67494929937444,193.819124060314,149.092642095144,198,330,7,73,1
3836216217.22164,294.346336126328,4.90577226877213,0.0817628711462021,0.00537648285068476,393.888071187855,129.462212942552,128.459077021424,130.768770788695,0.234938167960077,-1.51047672318184,-0.637769277610881,130.115491865623,100.089516727556,194,310,7,74,1
3836216218.97424,296.098936080933,4.93498226801554,0.0822497044669257,0.000765387988847061,395.39597438817,166.712975291503,168.638730823644,167.47907579451,-2.81633053501406,-0.301463273631624,-1.55889690432284,167.096025543006,128.536273459022,199,326,7,75,1
3836216219.07124,296.19594168663,4.9365990281105,0.0822766504685084,-0.00209782790280907,394.852053414329,178.11125414258,185.153308100436,179.967405342869,-2.1929785904827,-1.58197989158364,-1.88747924103317,179.039329742725,137.723492662055,190,310,7,76,1
3836216221.49088,298.61558008194,4.976926334699,0.0829487722449832,0.00268685079899491,395.012523601618,182.711788853272,179.350510679805,183.931049465809,-3.93750300696265,0.455415800554206,-1.74104360320422,183.32141915954,141.017429872514,174,293,7,77,1
3836216221.55489,298.679583787918,4.97799306313197,0.0829665510521995,-0.00223724488741205,395.31395355014,137.721148719276,141.319581377655,138.553522655943,-1.04764774806229,0.90162219958479,-0.0730127742387517,138.13733568761,106.260207549182,179,302,7,78,1
3836216223.93502,301.059720039368,5.01766200065613,0.0836277000109355,0.00216975633406807,395.492486696041,128.105538042662,125.518358903299,129.017691680357,-1.6010909518117,-0.937644066820818,-1.26936750931626,128.561614861509,98.89421864148,187,303,7,80,1
3836216226.01264,303.137338399887,5.05228897333145,0.0842048162221909,2.55379300173489e-05,397.514619150478,131.279998448298,132.236921041599,132.13063960714,0.47074535917807,0.0674628085447263,0.269104083861398,131.705319027719,101.312468968315,187,307,7,82,1
3836216227.64623,304.770931959152,5.07951553265254,0.0846585922108756,0.00493370451093202,396.006921162834,112.532738961521,113.825360665379,113.106958226753,0.256487726343635,-2.4039498614694,-1.07373106756288,112.819848594137,86.7850857815234,176,294,7,83,1
3836216229.91936,307.044061899185,5.11740103165309,0.0852900171942181,-0.00309312940794756,396.773444299919,88.7927079087157,86.5236721648145,88.4537404470846,-1.07670856342511,-0.10856658456593,-0.592637573995521,88.6232241779001,68.1721719037472,180,290,7,84,1
3836216229.98337,307.108065605164,5.11846776008606,0.0853077960014343,0.00346776225859397,396.353063764658,183.773793886599,187.903883373724,186.736906714332,-3.63925589124273,-2.09307516567275,-2.86616552845774,185.255350300466,142.505079271553,202,330,7,85,1
3836216230.5014,307.626095294952,5.12710158824921,0.0854516931374868,-0.00335490559969308,397.697064895688,121.986566568917,121.628362585196,119.380616944208,-0.778581040411923,-1.0910082846997,-0.934794662555812,120.683591756562,92.8341598887759,189,315,7,86,1
3836216231.57046,308.695156335831,5.14491927226385,0.0857486545377307,0.00852143640086301,398.167866958738,446.530465688044,416.131595544491,449.56915913212,-31.3263453179581,-29.8019152666016,-30.5641302922799,448.049812410082,344.656032506191,188,313,7,87,1
3836216232.40901,309.533704280853,5.15889507134755,0.0859815845224592,0.000904212981752882,396.859861462431,93.5850132220963,92.3160608578822,93.9089750813457,0.28752420440615,-1.69703811518777,-0.70475695539081,93.746994151721,72.1135600747463,158,267,7,88,1
3836216237.63181,314.756503343582,5.24594172239304,0.0874323620398839,0.00592272962331744,399.665935842096,175.552462706592,179.125060744573,177.155745187329,-2.72845776868213,-3.2918037127705,-3.01013074072632,176.35410394696,135.657920389693,185,307,7,90,1
3836216238.13983,315.264532089233,5.25440886815389,0.0875734811358982,0.0098054713029125,402.487681119934,273.114286750256,282.816277580776,275.867850581101,-6.46055087932626,-6.47883972802417,-6.46969530367521,274.491068665678,211.14840373621,215,354,7,91,1
3836216240.51147,317.636168003082,5.2939361333847,0.0882322688897451,0.000216057783918584,402.421096292635,116.788954428286,116.59156411932,118.938177777619,-2.81129042016465,-2.4562620875982,-2.63377625388142,117.863566102953,90.6648947168731,177,295,7,92,1
3836216242.27057,319.395268917084,5.3232544819514,0.0887209080325233,0.00756577167026502,398.889245346821,170.262649195716,173.559679599957,171.659335984546,-1.22993166732443,-2.54590458969144,-1.88791812850793,170.960992590131,131.509345138405,193,320,7,93,1
3836216245.95128,323.075979232788,5.3845996538798,0.0897433275646634,-0.00230011408937482,398.051163187762,137.581939356237,138.864696466361,139.2656329208,-1.87415060353489,-1.78970379136498,-1.83192719744994,138.423786138518,106.48055553993,197,327,7,94,1
3836216246.37331,323.4980032444,5.39163338740667,0.0898605564567778,0.00353301595853214,397.380806819313,148.843953955653,147.650671608265,149.454819285591,-0.36891748869996,-0.903639571095928,-0.636278529897944,149.149386620622,114.731073241353,187,316,7,95,1
3836216248.51093,325.635625600815,5.42726042668025,0.0904543404446708,0.00501211351037131,401.512797245636,104.692577869673,106.276684704383,107.788885669578,-1.08394480717214,-1.43751897544227,-1.2607318913072,106.240731769626,81.7241924626898,190,311,7,96,1
3836216250.16202,327.28672003746,5.45477866729101,0.0909129777881834,-0.000616955820845032,399.185954966173,127.522394532703,127.397350219078,129.224916220324,-0.665998061726435,-1.10803777928392,-0.887017920505179,128.373655376514,98.7496334445303,168,277,7,97,1
3836216250.31253,327.437228441238,5.45728714068731,0.0909547856781218,0.000592136241824226,399.167057937276,180.195956930834,187.9629338411,183.774737907346,-1.55389271456266,-1.53603722052145,-1.54496496754206,181.98534741909,139.989675429921,206,334,7,98,1
3836216251.5316,328.656298398972,5.47760497331619,0.0912934162219365,0.00311907210357299,397.774381669661,241.170636169726,255.051466480961,243.396553188521,-3.99405236911644,-4.05395568383645,-4.02400402647645,242.283594679124,186.373256210665,219,351,7,99,1
3836216254.41527,331.539963245392,5.52566605408986,0.0920944342348311,-0.00195814896856147,394.813519723455,127.509963329276,126.69210028322,129.51429251852,-1.7893986418891,-1.63786328129233,-1.71363096159071,128.512127923898,98.8561515089747,204,327,7,100,1
3836216254.64978,331.774476766586,5.52957461277644,0.0921595768796073,0.00193195864045172,394.399284650707,153.762826206505,162.514512418349,156.44384261109,-0.56323576866037,-0.146784378537681,-0.355010073599025,155.103334408797,119.31106404948,179,295,7,101,1
3836216257.07392,334.198615312576,5.56997692187627,0.0928329486979379,-0.00138269403281786,401.568250132542,152.568865414244,151.962810235196,154.595179470245,1.00762323522204,-1.25118499201675,-0.121780878397354,153.582022442244,118.140816161693,172,293,7,103,1
3836216257.62145,334.746146440506,5.5791024406751,0.0929850406779183,-0.00173169834311296,398.332174294504,168.93759140082,170.643595505676,170.395740036864,-0.820409323805953,-3.49433338100058,-2.15737135240327,169.666665718842,130.513702350775,203,331,7,104,1
3836216259.42355,336.548249721527,5.60913749535878,0.0934856249226464,0.0026023357508885,396.391120828221,101.010686491544,103.460081376979,103.369491801694,-0.62362812648944,-1.77083222677245,-1.19723017663094,102.190089146619,78.6082924514021,159,266,7,105,1
3836216259.97908,337.103781700134,5.6183963616689,0.0936399393611484,-0.000608909347188976,396.888103173879,84.7812151741707,83.5912258238608,84.3511415266465,-0.11666842518003,-0.186959515533129,-0.151813970356579,84.5661783504086,65.0513463172402,166,276,7,106,1
3836216260.42711,337.551807165146,5.62586345275243,0.0937643908792072,0.00143807399053032,396.999485260946,199.254630655276,205.201564030164,200.796818373684,-3.02945947778592,-1.10495662613746,-2.06720805196169,200.02572451448,153.866982422122,196,320,7,107,1
3836216261.24016,338.364853620529,5.63941422700882,0.0939902371168137,0.00125018737876458,396.586058843618,172.224175707101,177.238371865207,175.757446300459,-0.871647157921611,-3.65066676496406,-2.26115696144284,173.99081100378,133.839990447785,199,326,7,108,1
3836216261.90969,339.034391641617,5.65057319402695,0.0941762199004491,0.00157612579610232,396.300908684754,138.743317619788,136.646394647076,139.719524434391,-3.13385483368447,0.0189725764305503,-1.55744112862696,139.231421027089,107.101817347655,187,312,7,109,1
3836216272.32029,349.444987297058,5.82408312161763,0.0970680520269606,-0.00330496290080206,394.629886085221,160.24316176191,162.159592587584,163.181023272388,-0.792098487736035,-3.56711354630832,-2.17960601702218,161.712092517149,124.394758510071,213,346,7,110,1
3836216273.10033,350.225032091141,5.83708386818568,0.097284731136428,-0.0011457303490708,394.912016835242,103.516570270247,100.091350044448,103.627393811055,0.224793224071642,0.806962196801076,0.515877710436359,103.571982040651,79.6712941735627,163,271,7,116,1
3836216273.72687,350.85156750679,5.84752612511317,0.0974587687518862,0.00288941887504657,394.585616717114,114.321050701763,115.741165547432,115.445322526466,-0.228059777616925,-1.32927824619988,-0.778669011908405,114.883186614114,88.3722796068243,183,296,7,120,1
3836216274.2459,351.370597600937,5.85617662668228,0.097602943778038,0.00262357177603922,396.099409910795,160.636597717457,169.367658499361,161.760523031514,-3.20984041406413,-1.95045703469402,-2.58014872437908,161.198560374485,123.999731113669,196,320,7,121,1
3836216276.0725,353.197201728821,5.88662002881368,0.0981103338135613,0.00629425054603925,395.161206871428,237.840870005639,248.593875740162,241.225566632899,-2.29624898135505,-2.91191236843353,-2.60408067489429,239.533218319269,184.257567780874,214,348,7,123,1
3836216277.17307,354.297764778137,5.90496274630229,0.0984160457717048,0.00756713592773144,394.924860454077,156.400473190554,163.126084479916,157.147110828618,-1.81506895743331,-2.60225042198934,-2.20865968971133,156.773792009586,120.596040124039,199,320,7,124,1
3836216277.49609,354.62078332901,5.91034638881683,0.0985057731469472,0.00516700033975954,394.893209798381,231.587077350719,243.540275934542,233.31988873562,-2.72111588111382,-2.6776426909526,-2.69937928603321,232.453483043169,178.811580741331,208,340,7,125,1
3836216277.61559,354.740290403366,5.91233817338943,0.0985389695564906,0.00954202789189234,394.73696435898,199.036489001258,205.041532389908,201.318718454822,-3.77077325657737,-3.15702191999689,-3.46389758828713,200.17760372804,153.983813376439,203,328,7,126,1
3836216279.28219,356.406885623932,5.94011476039887,0.0990019126733144,0.00770542747249485,395.238017612485,178.604125785036,173.796086309324,179.992026950169,-1.60723354147788,-1.53321650459234,-1.57022502303511,179.298076367603,137.922529873287,180,307,7,127,1
3836216279.5442,356.668900251389,5.94448167085648,0.0990746945142746,0.00230680102902895,396.252139665999,166.633036427958,172.868197442981,168.392005093816,-2.39347705891771,-1.12547754873845,-1.75947730382808,167.512520760887,128.856656562366,204,330,7,129,1
3836216281.04929,358.173986434937,5.96956644058228,0.0994927740097046,-0.00099773761769982,395.492823689421,19.7014895425818,21.953808614777,19.385444192045,-0.617244147944994,-1.76516369032574,-1.19120391913537,19.5434668673134,15.0335377124083,132,219,7,131,1
3836216282.53337,359.658071279526,5.9943011879921,0.0999050197998683,-0.000552528261039462,395.369983116849,110.702412385852,108.309787668809,109.485473488537,-1.43324881688495,-1.28297780030814,-1.35811330859654,110.093942937195,84.6882210966475,165,276,7,132,1
3836216284.14697,361.271663665771,6.02119439442952,0.100353239907159,0.00242661629000219,398.147998992343,202.528898136253,207.101931070793,203.545932748223,-4.47623082131892,-1.44412292790322,-2.96017687461107,203.037415442238,156.183683417291,196,321,7,133,1
3836216284.7855,361.910200119019,6.03183666865031,0.100530611144172,0.0018226454658738,395.958891626747,179.581515880914,185.86185952519,182.236074336644,-1.07040023349711,-0.654089848978666,-0.86224504123789,180.908795108779,139.161552668165,193,319,7,134,1
3836216287.00463,364.129327297211,6.06882212162018,0.101147035360336,0.00696597705738077,395.674015844377,189.41993055046,194.35888860982,193.269724089004,-0.0131724245588859,-1.16596391622276,-0.589568170390825,191.344827319732,147.189324039358,210,344,7,135,1
3836216291.6794,368.804094314575,6.14673490524292,0.102445581754049,0.00284607341384942,397.058876401396,200.222860405515,207.162725060816,204.041879188804,-4.63247505803561,-2.99262201112822,-3.81254853458191,202.132369797159,155.487489751699,199,327,7,137,1
3836216293.27949,370.404186248779,6.17340310414632,0.102890051735772,0.0120183580287816,394.736383621333,221.037815702358,229.060317047762,224.223488928713,-2.66315843349712,-4.24841695620687,-3.45578769485199,222.630652315535,171.255506008579,205,335,7,138,1
3836216294.41205,371.536750555038,6.19227917591731,0.103204652931955,0.00386475135204354,394.752233084714,119.169091248094,119.885302294365,121.717683688873,-1.76713609727059,-0.695648727898029,-1.23139241258431,120.443387468484,92.649386109997,177,292,7,139,1
3836216294.88858,372.013278007507,6.20022130012512,0.103337021668752,0.00598823792862947,393.46202161732,138.929129938863,138.755991883405,141.283671992699,-1.05052193365298,-2.81385262960667,-1.93218728162983,140.106400965781,107.774883390401,204,331,7,140,1
3836216295.1931,372.317795276642,6.20529658794403,0.103421609799067,0.00517782817318538,394.164984221729,128.535325766795,134.639132277984,133.215846924104,-1.17176571678596,-0.431048231058323,-0.801406973922142,130.87558634545,100.674208742798,164,280,7,143,1
3836216295.60562,372.730319261551,6.21217198769251,0.103536199794875,0.0100606069222968,394.195728827388,188.447991259027,193.595424928437,191.159691009046,-1.95371385084127,-0.348868610332731,-1.151291230587,189.803841134036,146.003942034505,193,315,7,144,1
3836216296.47967,373.604368686676,6.22673947811127,0.103778991301854,0.011798644538821,394.313119215354,172.505911883346,178.908791790268,175.286070675996,-2.40868031407117,-2.86836990958476,-2.63852511182796,173.895991279671,133.76705170524,201,329,7,145,1
3836216297.36222,374.486919164658,6.24144865274429,0.104024144212405,-0.000824948509593229,397.397389554254,149.710074404332,152.749015027482,150.376078231479,-0.836532049838181,-0.878236859061509,-0.857384454449845,150.043076317905,115.418531503416,181,304,7,148,1
3836216297.81025,374.934945344925,6.24891575574875,0.104148595929146,0.00272461978355097,395.500742563113,121.177791920617,120.924248939808,122.726189515284,0.363540625457993,-0.95978629684441,-0.298122835693208,121.95199071795,93.8098579954561,185,300,7,152,1
3836216298.7573,375.881999254227,6.26469998757044,0.104411666459507,-0.00189818194388424,395.895379396682,146.42435650586,147.349332825637,146.838949052508,-1.10078270206876,0.102676896134646,-0.499052902967056,146.631652779184,112.794341805111,177,294,7,154,1
3836216299.69485,376.819552898407,6.28032588164012,0.104672098027335,0.00933903364620101,395.009366730728,191.147763442704,202.739884375438,194.988255830023,-2.13839823075685,-3.50252919709867,-2.82046371392776,193.068009636364,148.514857861904,209,334,7,155,1
3836216305.36868,382.493377685547,6.37488962809245,0.106248160468207,-0.00125201259433812,395.249940647855,194.715064537353,192.511283301354,194.406528453843,-2.96389725057482,-2.65491427231496,-2.80940576144489,194.560796495598,149.663163211065,193,318,7,157,1
3836216305.88171,383.006406784058,6.38344011306763,0.106390668551127,0.0012238803418103,395.410313653778,202.966302945412,208.732539672375,204.037122257557,-1.76142057824518,-1.23136363415621,-1.49639210620069,203.501712601484,156.540837493417,203,327,7,158,1
3836216306.98877,384.113470315933,6.40189117193222,0.10669818619887,-0.000949767419398939,395.880418708696,138.909347839772,142.118063194856,139.287860749251,-1.40449510347019,-0.301410953430873,-0.852953028450531,139.098604294512,106.999649939405,197,328,7,159,1
3836216307.25029,384.374985218048,6.40624975363413,0.106770829227236,0.00402642152845515,395.395996085694,173.909848309907,177.048767264819,175.760269919922,-1.65643830144777,-3.77563489704577,-2.71603659924677,174.835059114915,134.48941646332,211,338,7,160,1
3836216307.63231,384.75700712204,6.41261678536733,0.106876946422789,0.0122316098100429,396.224510553188,259.740000705775,268.741975640889,262.628276207475,-7.36966157678813,-7.66127890567803,-7.51547024123308,261.184138456625,200.912234355803,225,367,7,161,1
3836216309.01689,386.14158654213,6.43569310903549,0.107261551817258,-0.00343530638120028,394.607054303288,110.781972683101,112.894809492061,112.628342343816,-1.31939870456114,-1.39867109941271,-1.35903490198693,111.705157513459,85.9276253057113,184,307,7,163,1
3836216310.46047,387.585168838501,6.45975281397502,0.107662546899584,0.00765148517760445,394.656192758241,168.1996327282,173.679816966358,170.420010006568,-0.905542942607413,-1.50719971310608,-1.20637132785675,169.309821367384,130.239204839585,200,324,7,164,1
3836216312.26207,389.386771917343,6.48977953195572,0.108162992199262,0.00527789065256456,394.639415532583,170.337445217434,171.791539679676,173.650230547561,-0.140420245240556,-1.09840265504333,-0.619411450141944,171.993837882497,132.303846889772,198,331,7,165,1
3836216314.06618,391.190875291824,6.51984792153041,0.108664132025507,0.0024159837758565,394.813081019954,93.3431814742286,92.5761178093378,94.420681551994,-1.39332247946216,-1.70508616440077,-1.54920432193147,93.8819315131113,72.2173587469597,174,294,7,166,1
3836216315.64727,392.771965742111,6.54619942903519,0.109103323817253,0.00956367342046228,394.579079024744,182.952379851155,187.407389079717,189.976543500017,-2.31545585524617,-4.45884783538374,-3.38715184531495,186.464461675586,143.435171234242,204,343,7,167,1
3836216315.75627,392.880971670151,6.54801619450251,0.109133603241709,-0.0022675214567057,395.741203405429,144.480452089144,142.841364018753,143.836506856528,-0.345508658870315,0.282503638698174,-0.0315025100860705,144.158479472836,110.891887935349,196,318,7,168,1
3836216316.2428,393.367499351501,6.55612498919169,0.109268749819862,0.00907658936853978,394.859209796792,253.292100587355,256.539419918553,257.56496758531,-3.50998987039728,-3.54201579065497,-3.52600283052612,255.428534086332,196.484816439322,204,334,7,169,1
3836216317.53888,394.663573741913,6.57772622903188,0.109628770483865,0.00606142041324694,393.773618666009,157.079973605604,160.949045640645,159.65789268542,-3.82134043789297,-2.00438528019912,-2.91286285904605,158.368933145512,121.823080064618,207,325,7,170,1
3836216323.33971,400.46440577507,6.67440676291784,0.111240112715297,0.00359578410895887,394.767503905477,181.28177630817,182.218792410833,180.436444384909,-3.15165529949977,-2.59054288784285,-2.87109909367131,180.85911034654,139.12333336184,199,325,7,172,1
3836216324.12425,401.248950481415,6.68748250802358,0.111458041800393,0.00694271346948017,394.582018270808,121.737879579233,122.782496141673,121.619615774509,-0.149087802957178,0.347076461123771,0.0989943290832964,121.678747676871,93.5996696194323,188,304,7,173,1
3836216324.31326,401.437960863113,6.69063268105189,0.111510544684198,0.00479472153948248,394.88974610881,171.41339925806,175.176491510646,173.374009070963,-1.07576382526397,-2.2941028602968,-1.68493334278039,172.393704164512,132.611438417488,204,331,7,174,1
3836216325.17981,402.304510593414,6.7050751765569,0.111751252942615,0.0105415074667866,395.028201900061,180.690991916331,188.447144041027,182.2341588113,-3.0429393542268,-3.7497888070715,-3.39636408064915,181.462575363815,139.587540360369,207,330,7,176,1
3836216328.32049,405.445190429688,6.75741984049479,0.112623664008247,0.0123800800986866,394.704743913036,190.205824096384,195.289133673987,190.664776157698,-1.06018463490313,-2.82111846738819,-1.94065155114566,190.435300127041,146.489683006136,215,344,7,177,1
3836216328.76152,405.886215209961,6.76477025349935,0.112746170891656,0.012514670809483,394.378676543763,239.467299466197,249.368044573632,241.341578270306,-5.1743171246346,-5.00409923172955,-5.08920817818208,240.404438868252,184.927741965827,210,338,7,178,1
3836216330.54012,407.664817094803,6.79441361824671,0.113240226970779,0.00164308466573303,403.451220685215,129.169938536288,128.796988154054,129.564743733802,-0.729984665607241,-1.923545272936,-1.32676496927162,129.367341135045,99.5140122738644,203,328,7,179,1
3836216333.20277,410.327469825745,6.83879116376241,0.113979852729374,0.00741167428965328,403.740623822592,215.896670526943,225.98318689338,219.613477792008,-2.43331916797211,-4.78901276406776,-3.61116596601993,217.755074159476,167.50503591151,215,352,7,181,1
3836216333.41378,410.538481712341,6.84230802853902,0.114038467142317,0.00230717220854088,404.785663228615,185.9080417691,192.297362227111,188.261075024362,-3.27182612422706,-2.45641776802246,-2.86412194612476,187.084558396731,143.912171937647,213,341,7,182,1
3836216336.11444,413.239135980606,6.8873189330101,0.114788648883502,0.0060788735268766,403.361960270625,103.042732793341,101.81918606362,104.216879024803,-1.29029170728568,0.145365008457427,-0.572463349414129,103.629805909072,79.7157743731347,189,315,7,183,1
3836216341.78676,418.911460638046,6.98185767730077,0.11636429462168,0.00706056586071674,404.31614429446,119.70380143494,121.40397968187,120.94633174328,-0.331905869300335,-1.98213544758711,-1.15702065844372,120.32506658911,92.5583694334625,194,309,7,1,2
3836216348.42714,425.551840305328,7.09253067175547,0.118208844529258,0.0121602342162526,406.047463056702,228.529127785775,242.080308124213,230.768376301803,-3.2219932025531,-3.38484722999465,-3.30342021627388,229.648752043789,176.654080767626,214,343,7,2,2
3836216351.35481,428.479507923126,7.1413251320521,0.119022085534202,0.00364244631527296,408.7444250114,112.558200451802,109.910093810551,112.708678620808,0.454378024274728,0.0999047762639378,0.277141400269333,112.633439536305,86.6416932289186,188,305,7,3,2
3836216365.29411,442.418805599213,7.37364675998688,0.122894112666448,0.000842949537141108,410.491128312137,109.402067557643,106.843073769195,111.031148566118,-2.44608481324762,-0.86983811066991,-1.65796146195876,110.216608061881,84.7825795229433,185,299,7,6,2
3836216365.58162,442.70632147789,7.37843869129817,0.122973978188303,0.00013201764668491,410.112545154517,136.532367867399,136.558459212996,139.033872825049,-1.551680164935,0.504778210528512,-0.523450977203243,137.783120346224,105.987732367108,203,328,7,7,2
3836216370.80042,447.925120353699,7.46541867256165,0.124423644542694,-0.00201351634013646,400.007587633344,198.177055968174,217.163880394059,198.592952068118,-2.70753755398432,-1.74593526357216,-2.22673640877824,198.385004018146,152.604881197983,218,345,7,9,2
3836216371.00193,448.126631975174,7.46877719958623,0.124479619993104,-0.0018589820864658,400.167595264245,153.967266365585,155.616284346089,153.027282848129,-2.24731506119118,-1.27379702651826,-1.76055604385472,153.497274606857,118.075625078249,193,315,7,10,2
3836216374.20962,451.334315061569,7.52223858435949,0.125370643072658,-0.000328733287919028,399.233823155364,126.791073072592,125.597026449782,128.9186078277,-0.934275360208786,-1.44322232534637,-1.18874884277758,127.854840450146,98.350542340876,182,300,7,11,2
3836216374.44913,451.573828697205,7.52623047828674,0.125437174638112,-0.00181037219989849,399.020856621025,146.225722572435,149.561568217549,148.610091692215,-2.53372371782014,-1.22454157576072,-1.87913264679043,147.417907132325,113.399156935904,191,315,7,12,2
3836216375.50919,452.63388967514,7.54389816125234,0.125731636020872,-0.00213934833608635,400.245588911774,206.023496476783,219.870735831098,208.78383165406,-0.529124584843717,-3.62917038094212,-2.07914748289292,207.403664065421,159.542358916578,200,329,7,13,2
3836216376.85177,453.976466417313,7.56627444028854,0.126104574004809,-0.00274036963131009,397.1827459124,171.380255924692,175.630335120679,171.522253578573,-0.532560813130737,0.150703380249726,-0.190928716440505,171.451254751632,131.886472428252,193,316,7,14,2
3836216377.01928,454.143975973129,7.56906626621882,0.12615110443698,0.00231917751033917,397.237921018471,163.924418197094,165.062576428218,165.729033269954,-1.2731240194226,-0.932354266013412,-1.10273914271801,164.826725733524,126.790646416582,195,319,7,15,2
3836216378.53036,455.655062437057,7.59425104061762,0.12657085067696,-0.00128292991267163,398.951577238123,195.689928592527,199.772048353127,196.711893632549,-2.84152359871334,-2.79262890606003,-2.81707625238669,196.200911112538,150.92479837098,204,333,7,16,2
3836216381.67454,458.799242258072,7.64665403763453,0.127444233960576,0.00671869225115902,399.144941821031,118.617628116474,117.952902037743,119.553206005663,0.868074238590282,0.280610784523882,0.574342511557082,119.085417061069,91.6047864250582,181,303,7,18,2
3836216382.16407,459.288770437241,7.65481284062068,0.127580214010345,0.00596406819409211,398.074423364307,216.296318448342,220.748281423881,221.756698268547,-1.72014170843358,-2.83765160750656,-2.27889665797007,219.026508358445,168.483068832118,198,328,7,19,2
3836216382.6501,459.774798154831,7.66291330258052,0.127715221709675,0.0019967936732403,398.547452400141,153.02812555318,154.016859599632,153.617480934171,-1.24516581145584,-1.30874603613686,-1.27695592379635,153.322803243675,117.94141542978,180,298,7,20,2
3836216382.76011,459.884804010391,7.66474673350652,0.127745778891775,0.00116090238400925,398.482663018564,96.1024061599014,91.916165202948,98.5786425135135,2.0113372066051,-0.646564596656361,0.68238630497437,97.3405243367074,74.8778327559165,181,300,7,21,2
3836216384.30819,461.432892799377,7.69054821332296,0.128175803555383,0.0348665551222503,406.428345262861,201.989601536241,197.667308771166,201.546517473998,4.84892095549098,7.78534396314681,6.31713245931889,201.768059505119,155.207249170456,406,325,7,22,2
3836216384.55221,461.676906824112,7.6946151137352,0.12824358522892,0.00139023540240676,400.215202206256,173.922027332219,176.712661062318,175.330777449495,-4.0431009686597,-1.88628609850426,-2.96469353358198,174.626402390857,134.328910205583,185,310,7,25,2
3836216385.04774,462.172435045242,7.70287391742071,0.128381231957012,0.00257590548913444,399.457492619416,310.318072496217,309.581312254487,313.807535493829,-2.79726786387607,-4.55928462841808,-3.67827624614708,312.062803995023,240.04993404448,204,333,7,26,2
3836216385.76028,462.884975910187,7.71474959850311,0.128579159975052,0.00133111713872709,398.30214258805,115.776994647542,112.212907711629,118.767716841872,-1.92418867749037,-1.39684514783215,-1.66051691266126,117.272355744707,90.2101144428819,175,297,7,27,2
3836216386.1923,463.317000865936,7.72195001443227,0.128699166907205,-0.0275305513767021,405.3051440434,162.915505904234,177.216637323105,169.624522952037,4.11394470413337,3.41915232674963,3.7665485154415,166.270014428136,127.900875997016,203,324,7,29,2
3836216386.58682,463.71152305603,7.72852538426717,0.128808756404453,0.0041524918460267,398.543191377922,169.759044005763,172.35106812442,171.829520158122,0.102015312961614,0.0629381056739925,0.0824767093178033,170.794282081943,131.381105418762,199,321,7,30,2
3836216387.22036,464.345059156418,7.73908431927363,0.128984738654561,0.00501568903000829,398.038874332591,135.65932692083,135.065770890236,137.661628863622,-1.96193840908221,-1.62630611655448,-1.79412226281834,136.660477892226,105.124155408919,184,307,7,31,2
3836216391.01558,468.140276193619,7.80233793656031,0.130038965609339,0.00491010028159013,404.375048417116,200.060749489545,203.52295884815,202.659460393175,1.42791030573722,0.249030859059646,0.838470582398434,201.36010494136,154.893435845478,204,327,7,32,2
3836216393.80674,470.931435823441,7.84885726372401,0.130814287728733,0.000795492652345586,399.437105854924,131.175859268184,140.277164929342,132.170315651853,-0.422944341469285,-0.132902577619323,-0.277923459544304,131.673087460018,101.287675287038,192,320,7,33,2
3836216396.55089,473.675592660904,7.89459321101507,0.131576553516918,0.00586839260283504,402.169713247209,248.135640239008,258.292057935068,253.446485765651,-7.87630148870303,-8.17683805329567,-8.02656977099935,250.791063002329,192.917506867029,213,344,7,35,2
3836216397.05442,474.179121494293,7.90298535823822,0.131716422637304,-0.0016975931239613,402.492403691845,186.716123827714,193.017673246303,188.656890214068,-0.861926033241471,-1.33844243732874,-1.1001842352851,187.686507020891,144.375212472045,198,326,7,36,2
3836216402.40123,479.525927782059,7.99209879636765,0.133201646606127,0.00233269514138017,400.021979482545,236.295662941326,240.747793601161,240.844767814966,-1.43049013152616,-1.19881095842227,-1.31465054497421,238.570215378146,183.516791278382,203,329,7,37,2
3836216403.5783,480.702995061874,8.01171658436457,0.13352860973941,-0.000693487237638351,401.957999701835,105.103215867013,105.609552008527,107.233501718766,-0.583585044252301,1.07327015023273,0.244842552990214,106.168358792889,81.6685205656556,180,293,7,38,2
3836216404.05932,481.184022188187,8.01973370313644,0.133662228385607,0.00368710406969916,401.919000087565,90.0550068501151,88.3242379382785,91.4243516489505,0.962152664722562,0.0660800145413576,0.51411633963196,90.7396792495328,69.800225275855,187,308,7,40,2
3836216404.27284,481.39753484726,8.02329224745433,0.133721537457572,-0.00012710943355182,402.425539978571,167.853837388119,169.634988447333,170.543888663294,-2.03814524265075,-2.19811386069537,-2.11812955167306,169.198863025707,130.153851691884,208,335,7,41,2
3836216405.66792,482.792614459991,8.04654357433319,0.13410905957222,-0.000384218074584242,402.796916385505,157.563301547091,164.982561446076,159.840461271342,0.279269452440062,-0.26198827214739,0.00864059014633639,158.701881409216,122.079195845542,198,317,7,42,2
3836216409.06461,486.18930888176,8.10315514802933,0.135052585800489,0.00470073268334592,407.269798970785,172.188215666261,177.908255343869,174.504499369497,-0.438815093460251,0.0759217678269723,-0.18144666281664,173.346357517879,133.344253644793,184,307,7,43,2
3836216412.55831,489.683008670807,8.16138347784678,0.136023057964113,0.00125552413345893,407.070832833349,103.151159347644,102.418639251059,105.587581039371,-0.581591758215775,-1.53815956366767,-1.05987566094172,104.369370193507,80.2846738235899,194,313,7,44,2
3836216413.04984,490.174536705017,8.16957561175028,0.136159593529171,0.00437271661822213,410.015657101216,141.71553323993,139.192046422699,142.601136099814,-0.105061737526981,0.0961433213986286,-0.00445920806417602,142.158334669872,109.353304605698,181,303,7,45,2
3836216414.99045,492.115147829056,8.20191913048426,0.136698652174738,0.000698107009363001,414.735376454619,21.3993635799909,24.4547479229166,20.5408728744827,1.27689809240426,1.62492864873263,1.45091337056845,20.9701182272368,16.1309692565392,155,254,7,46,2
3836216416.29252,493.417222261429,8.22362037102381,0.137060339517064,0.00471488827248698,417.480256684735,127.247289888902,130.268457783354,130.324976992664,-1.89508074180529,-1.46214482510639,-1.67861278345584,128.786133440783,99.0669264088155,224,347,7,47,2
3836216416.44253,493.567230701447,8.22612051169077,0.13710200852818,0.000212875637278382,413.016698534222,57.5422359623229,58.7803363381663,56.9083911519834,0.849541812494381,1.51828269765076,1.18391225507257,57.2253135571532,44.0197696399869,167,276,7,48,2
3836216417.90812,495.032814264297,8.25054690440496,0.137509115073416,0.00655479403260246,415.766852949915,120.273908340407,122.422648278844,121.399974395026,-1.70122961938673,1.06759227999901,-0.316818669693864,120.836941367716,92.9521219258145,194,312,7,49,2
3836216418.31214,495.436837434769,8.25728062391281,0.13762134373188,0.0123569879999214,415.741767199556,157.851042835385,158.225072801026,159.908127046024,-0.887903960343341,-3.28301854895125,-2.0854612546473,158.879584940705,122.215891794136,215,346,7,51,2
3836216420.64127,497.765971183777,8.29609951972961,0.138268325328827,-0.00023553544130419,401.206235142722,137.292208778207,139.634941339784,137.539799879273,-1.43133060818021,0.569725231419255,-0.43080268838048,137.41600432874,105.705333520928,183,305,7,52,2
3836216420.90329,498.027985572815,8.30046642621358,0.13834110710356,0.00327529732435779,401.174263216628,94.1987429510474,90.8612740917666,94.7389500249091,-0.229946600250504,-0.104665083881866,-0.167305842066185,94.4688464879782,72.6688348575466,176,291,7,53,2
3836216421.70033,498.825031518936,8.3137505253156,0.13856250875526,0.00117931820168831,404.278467994,28.9473161360979,30.5826748530712,29.7268279474979,1.6186770421909,0.0147642425786633,0.816720642384781,29.3370720417979,22.5671310984056,142,237,7,54,2
3836216422.01285,499.137549638748,8.3189591606458,0.138649319344097,0.00657846017924014,400.894459398793,134.640670285661,138.080317595514,137.398070122878,0.551550662202471,-2.12244619618073,-0.785447766989131,136.01937020427,104.630992314058,194,317,7,55,2
3836216422.26637,499.391063928604,8.32318439881007,0.138719739980168,-0.00114919807208569,402.157434387933,140.129244031108,147.278952666122,141.462295493684,-1.07594722140248,-2.00827296220115,-1.54211009180181,140.795769762396,108.305170666043,179,302,7,56,2
3836216422.98341,500.108104705811,8.33513507843018,0.138918917973836,0.000543313886623215,402.47196996694,180.888758688122,184.242601651439,181.748215645316,-0.730614565492338,-1.32288229478689,-1.02674843013961,181.318487166719,139.476702536166,203,334,7,57,2
3836216423.44793,500.5726313591,8.34287718931834,0.139047953155306,-0.00058420773319144,402.507856093723,163.388401807039,170.918506662581,165.398139300333,-2.71640662623512,-0.0203314890778934,-1.36836905765651,164.393270553686,126.457217100433,210,344,7,58,2
3836216423.69445,500.819145441055,8.34698575735092,0.139116429289182,0.000359342865453294,401.876747998083,222.457732382037,217.759779036853,224.215689388021,-5.65562647506417,-5.88436696450609,-5.76999671978513,223.336710885029,171.798631657867,187,314,7,59,2
3836216423.98896,501.113662242889,8.35189437071482,0.139198239511914,0.000982505234766584,404.395900307342,117.120409851573,122.660972926949,120.540729552539,1.16487172383133,0.384044141236923,0.774457932534124,118.830569702056,91.408748669391,195,310,7,60,2
3836216426.59661,503.721311569214,8.39535519282023,0.139922586547004,0.00927790479270517,402.315161303439,183.068014884845,180.981347788106,186.031895228077,-0.74445060413264,-0.0150377682716067,-0.379744186202123,184.549955056461,141.962463876091,193,321,7,65,2
3836216427.10164,504.226340293884,8.4037723382314,0.140062872303857,0.00183040889947949,402.960621710994,164.897033779545,159.435023500779,164.679748666588,-0.863971354318957,-3.66247491396953,-2.26322313414424,164.788391223066,126.761158132207,185,298,7,69,2
3836216427.28365,504.408351182938,8.40680585304896,0.140113430884149,0.000286893225987181,403.988014712981,159.678297491489,164.290443734275,163.147086052887,-3.18011180314516,-1.15914151055292,-2.16962665684904,161.412691772188,124.164448687302,195,319,7,70,2
3836216427.64867,504.773371934891,8.41288953224818,0.14021482553747,-0.00102658190989358,404.382041417272,116.433147324637,117.920104967469,119.96184496901,-1.31759755179878,-0.803144076475681,-1.06037081413723,118.197496146823,90.9217657184165,187,308,7,71,2
3836216429.12926,506.253956794739,8.43756594657898,0.14062609910965,0.000680319129493207,404.597516282818,86.9831308562992,84.9841869963619,88.2294630775642,0.380899242398709,0.900452698773236,0.640675970585972,87.6062969669317,67.3899149131803,173,289,7,74,2
3836216429.42878,506.553473472595,8.44255789120992,0.140709298186832,0.00128518591796278,405.177662102991,89.2658487284161,88.6014723616035,89.1918294574628,0.273346358531747,0.865911366729535,0.569628862630641,89.2288390929395,68.6380326809703,169,282,7,75,2
3836216430.92286,508.047559261322,8.46745932102203,0.141124322017034,0.000356117291115844,405.620005558994,31.5387397264527,30.6162345770213,31.5033026027622,-0.16490318062165,-0.161334048861058,-0.163118614741354,31.5210211646074,24.2471033225073,135,237,7,76,2
3836216432.15493,509.279629468918,8.48799382448196,0.141466563741366,0.00129354606289705,406.948878438763,64.6414583444178,74.1676340402276,66.4817099635082,-2.70093829815184,-1.86889343350456,-2.2849158658282,65.561584153963,50.432328847053,156,260,7,77,2
3836216433.16949,510.294187545776,8.50490312576294,0.141748385429382,0.00807253771141505,405.66194959739,161.476548956952,163.161787693977,165.159649060259,-0.599010606163845,-1.99183489938726,-1.29542275277555,163.318099008605,125.63015647296,199,328,7,78,2
3836216441.28495,518.409651994705,8.64016086657842,0.14400268110964,0.00286133357737664,404.275327492179,231.072446260132,234.822409672323,234.460376251705,-1.3205384848666,-1.70273492845924,-1.51163670666292,232.766411255919,179.052296378919,195,323,7,79,2
3836216441.86399,518.988684654236,8.64981141090393,0.144163523515066,0.0106600341068834,403.213853779262,212.340338723854,223.905894077337,216.413766933731,-3.68577400008672,-3.11327834675696,-3.39952617342184,214.377052828792,164.906540393139,208,333,7,80,2
3836216442.27351,519.398207902908,8.65663679838181,0.14427727997303,-0.000167844096624124,404.180911339997,168.261312571258,173.743652993937,168.966881570476,-1.60600201284963,-2.15870771163557,-1.8823548622426,168.614097070867,129.704028684805,198,322,7,81,2
3836216443.41258,520.537273645401,8.67562122742335,0.144593687123723,0.00397067437943515,404.2680082373,121.989635980364,124.053131255336,123.31881093434,-0.377798626731055,-1.33201221279886,-0.854905419764958,122.654223457352,94.3500406786186,196,320,7,82,2
3836216451.79655,528.921252727509,8.81535421212514,0.146922570202086,0.00167407743127795,403.144809692124,150.104632759853,153.045012904919,153.472993574979,-3.14047682975551,-0.317634635339766,-1.72905573254764,151.788813167416,116.761415083962,216,346,7,84,2
3836216452.69811,529.822804689407,8.83038007815679,0.147173001302613,0.00808088494868608,403.429419029269,255.936606597855,258.589015335688,259.425480907037,-4.21280577864605,-3.63149212745868,-3.92214895305237,257.681043752446,198.217527899525,213,353,7,85,2
3836216456.73034,533.855035066605,8.89758391777674,0.148293065296279,0.0132504768614922,415.047745536137,195.051057646712,206.499855975875,198.338960073214,-0.770757712432214,-1.04271717522099,-0.9067374438266,196.695008859963,151.30487613149,216,354,7,86,2
3836216457.57839,534.703083515167,8.91171805858612,0.148528634309769,0.00123250532217931,418.776478695471,11.1820173030121,11.7828497416262,11.4730994719102,0.484365872948604,1.61144168746004,1.04790378020432,11.3275583874611,8.71356537525184,160,211,7,87,2
3836216457.9049,535.0296022892,8.91716003815333,0.148619333969222,0.0175400897014183,419.133505614893,224.769976471639,244.502542139,230.240315502216,-4.58397455695268,-5.73620098792848,-5.16008777244058,227.505145986927,175.005141881032,225,363,7,88,2
3836216458.94646,536.07116150856,8.934519358476,0.1489086559746,0.0022473080110214,419.209924594144,98.2470613524934,101.654524618127,101.291095790062,-0.892630662425389,-1.05342989406126,-0.973030278243325,99.7690785712776,76.7459640306752,194,316,7,89,2
3836216467.64396,544.768659114838,9.07947765191396,0.151324627531899,0.00517806959947679,355.878366046659,198.902767839838,206.799031225987,201.066405455256,-4.27972836823247,-0.958249982880219,-2.61898917555634,199.984586647547,153.835337695107,215,350,7,105,2
3836216467.76297,544.887666463852,9.08146110773087,0.151357685128848,0.00785923494104571,356.730152591501,154.046861864069,153.702237376099,156.574474876895,-3.9621791779092,-0.787234458382408,-2.3747068181458,155.310668370482,119.470552790819,203,331,7,106,2
3836216469.20905,546.333748579025,9.10556247631709,0.151759374605285,-0.00169047565270309,361.869009637018,29.9243657997093,32.7828459636409,29.448041524421,0.359258295094176,-0.986607773542542,-0.313674739224183,29.6862036620651,22.8356956993291,154,244,7,109,2
3836216469.63408,546.758773088455,9.11264621814092,0.151877436969015,0.00138498795298849,361.324823193693,87.6249074036435,87.414516292252,89.5581875681946,-0.40261150051436,0.505125862088662,0.0512571807871507,88.5915474859191,68.147805052833,171,278,7,111,2
3836216470.48662,547.611321926117,9.12685536543528,0.152114256090588,0.0108743125120756,361.843770244615,181.386297333175,185.941837768722,185.097824385033,1.36879331416332,0.398737704283307,0.883765509223315,183.242060859104,140.95638461322,187,316,7,112,2
3836216470.63663,547.761330366135,9.12935550610224,0.152155925101704,0.00768525385789335,361.818772069743,146.344289214786,148.147089684644,149.499713525574,-1.8746724106961,-0.465338847361135,-1.17000562902862,147.92200137018,113.786924356437,195,323,7,113,2
3836216471.03315,548.157853126526,9.13596421877543,0.152266070312924,0.00424462701032416,361.322697019322,128.507676121777,126.77518190269,129.98655885412,-0.221332367341042,-3.50298412587885,-1.86215824660995,129.247117487949,99.4215319199529,201,329,7,114,2
3836216471.66719,548.791889429092,9.14653149048487,0.152442191508081,0.00650769931872753,361.879159595539,167.736191305444,170.058368876262,169.097180767659,-0.179065825017688,-3.33017806324704,-1.75462194413236,168.416686036551,129.552173016137,193,319,7,115,2
3836216473.36179,550.486486434937,9.17477477391561,0.152912912898593,0.00441959794580009,363.025198329384,118.177700633942,118.341762002855,122.106105191421,0.0266248383794708,-0.933084365695949,-0.453229763658239,120.141902912682,92.4174733449728,210,345,7,117,2
3836216473.5288,550.653495788574,9.1775582631429,0.152959304385715,0.00481703074873256,363.218170591107,123.049021260343,121.373401278574,126.422690912019,0.207843143363425,-0.585881550099333,-0.189019203367954,124.735856086181,95.9513073751239,199,326,7,118,2
3836216473.98932,551.114022254944,9.18523370424906,0.153087228404151,0.00312227723242699,362.24216835637,94.6390464429597,97.4115308615085,95.9927596737848,1.07893500431709,-0.760448365515582,0.159243319400753,95.3159030583722,73.3204212409666,179,293,7,119,2
3836216474.59186,551.716556549072,9.19527594248454,0.153254599041409,0.00624797349966496,361.897030463889,205.394161780661,207.788636169139,206.473140346227,-3.79412085941192,-2.1636786158579,-2.97889973763491,205.933651063444,158.411572037618,192,323,7,120,2
3836216475.11889,552.243586540222,9.20405977567037,0.153400996261173,0.00432113784830666,362.40284343734,96.2100572683808,97.9147289701354,97.5370030627206,-1.05836087361305,0.344483468708367,-0.356938702452339,96.8735301655507,74.5186040412149,181,296,7,121,2
3836216476.21995,553.344649553299,9.22241082588832,0.153706847098139,0.00152325629576989,363.511468261957,167.450482389732,179.254895894826,171.546368303895,-2.37733445657138,-1.50033645976942,-1.9388354581704,169.498425346813,130.384285804836,196,323,7,122,2
3836216477.1205,554.245201587677,9.23742002646128,0.153957000441021,0.000586231010140842,361.238542454385,162.537318261286,167.403119505076,164.053219510494,-1.3932453259619,-0.622883488266551,-1.00806440711422,163.29526888589,125.612594721346,192,316,7,124,2
3836216477.66053,554.785232543945,9.24642054239909,0.154107009039985,0.00180537337521649,360.539456887649,16.4923469021901,14.3876025049709,16.4683219659963,0.797825400401286,1.78504199639267,1.29143369839698,16.4803344340932,12.6772660608348,125,193,7,125,2
3836216479.60315,556.727843523026,9.27879739205042,0.15464662320084,0.00904518520711961,360.67132860141,176.894757060173,179.317450693589,180.443579742574,-1.38446051075121,-1.21633624554106,-1.30039837814613,178.669168401373,137.438751243214,197,318,7,126,2
3836216481.83277,558.957470655441,9.31595784425735,0.155265964070956,0.0136078602262422,362.385459263306,207.289971530428,215.400207741788,210.929467884565,-2.2951718773204,-3.60728054821306,-2.95122621276673,209.109719707496,160.854718284992,218,350,7,127,2
3836216482.3803,559.505002498627,9.32508337497711,0.155418056249619,-0.000111364892841904,361.693772906427,151.116787465941,148.553621465869,150.834514679212,-0.0317215573033547,-1.35172064589579,-0.691721101599571,150.975651072576,116.135901550357,201,327,7,128,2
3836216485.60349,562.728186368942,9.37880310614904,0.156313385102484,0.0013596817467097,361.654549500005,188.066430525715,199.466437703365,190.999279879361,-3.9481906080172,-1.23527789508119,-2.59173425154919,189.532855202538,145.795489908361,210,342,7,129,2
3836216486.11552,563.240216016769,9.38733693361282,0.156455615560214,0.00848148118469952,361.345547076648,106.124255013761,102.92737514765,108.769032288605,0.962689035790194,-1.45899900012063,-0.248154982165216,107.446643651183,82.6518232598412,195,314,7,130,2
3836216489.2162,566.340893507004,9.4390148917834,0.157316914863057,-0.000458797785190425,362.401079624622,263.417544435218,249.810642146983,267.325576702794,-9.41124899233784,-7.22022033851314,-8.31573466542549,265.371560569006,204.133350070412,194,318,7,132,2
3836216489.90923,567.033932685852,9.4505655447642,0.15750942574607,0.00252813310497301,362.212782991522,138.631891501659,137.847833516785,142.000266635125,-0.990499419966352,-1.45501070634522,-1.22275506315579,140.316079068392,107.936175329261,224,361,7,133,2
3836216494.30049,571.425183773041,9.52375306288401,0.158729217714734,-0.000421985244670016,362.696583408576,33.2783417919955,36.5645288244365,34.294973589718,-0.417013880731938,0.949156921595961,0.266071520432011,33.7866576908567,25.9899124357125,141,235,7,134,2
3836216496.2111,573.335793495178,9.55559655825297,0.15925994263755,0.000513299023979147,364.520653063347,103.840223879735,104.126261238633,104.640260201142,0.0502158611621748,-1.47721695334444,-0.713500546091134,104.240242040439,80.1853438033808,175,293,7,135,2
3836216511.47097,588.595666408539,9.80992777347565,0.163498796224594,0.000577255459131975,363.16089669158,164.770005149615,163.259970370324,165.167015882111,-1.20486976296238,-0.0609611956585046,-0.63291547931044,164.968510515863,126.899712371297,192,314,7,137,2
3836216513.8106,590.935299873352,9.84892166455587,0.164148694409264,0.0013727012807056,363.368082449976,121.293803283032,117.884932714615,123.192825163983,-0.768496935680006,-0.511630075427477,-0.640063505553742,122.243314223508,94.0339545151293,165,279,7,138,2
3836216514.16662,591.291320323944,9.8548553387324,0.164247588978873,-0.000780235982766806,363.259568526429,161.913343604785,156.996913144965,162.467344553019,-4.19633707660399,-4.17394005200252,-4.18513856430326,162.190344078902,124.762646814558,155,265,7,139,2
3836216514.48964,591.614338636398,9.8602389772733,0.164337316287888,-0.00125343002028915,363.154053062855,122.527964412415,123.363230381418,125.63223849319,-1.45780176028747,-2.00457088220635,-1.73118632124691,124.080101452802,95.4468773229782,182,301,7,140,2
3836216515.99373,593.118424654007,9.88530707756678,0.164755117959446,0.0104416653263257,362.792023949329,183.296452927264,193.828731277061,187.541300289287,-5.00380890564433,-4.20158059831427,-4.6026947519793,185.418876608275,142.630869589725,210,334,7,141,2
3836216516.40375,593.52844786644,9.892140797774,0.164869013296233,-0.00123824270910995,363.575476286813,159.30655654179,163.706078532944,161.114136068262,-1.33906038200058,-0.342012925683699,-0.840536653842138,160.210346305026,123.239561304391,202,334,7,142,2
3836216516.50526,593.629953861237,9.89383256435394,0.164897209405899,0.0106077573686249,362.717194509366,219.950692050223,231.401931011651,223.885867982044,-3.05136812533382,-5.2575482656571,-4.15445819549546,221.918280016133,170.707523611134,205,333,7,143,2
3836216518.39336,595.518062353134,9.9253010392189,0.165421683986982,0.000189942458166287,365.01452359342,119.91884704705,120.111019729699,122.306653238952,1.30588901751304,-0.273623501385769,0.516132758063635,121.112750143001,93.1642839568815,185,304,7,145,2
3836216519.57793,596.702629566193,9.94504382610321,0.165750730435054,0.00922929447633856,363.663468916165,184.053408051273,185.91036574991,186.433986987701,-0.976033889470058,-2.59929687906359,-1.78766538426682,185.243697519487,142.496115533262,205,334,7,146,2
3836216519.99996,597.124654054642,9.95207756757736,0.165867959459623,-0.000166460550636909,364.701207001735,179.635807093243,185.594189945162,181.002031875113,-0.625514495554393,-0.171655313816515,-0.398584904685454,180.318919484178,138.707799119305,198,323,7,147,2
3836216526.25881,603.383512020111,10.0563918670019,0.167606531116698,0.00112384286050408,363.400406469702,92.3236687633018,93.5427176636001,94.9570180477456,-1.63208069166503,-1.31880477672702,-1.47544273419602,93.6403434055237,72.0315204844372,176,295,7,148,2
3836216527.11636,604.241060733795,10.0706843455633,0.167844739092721,0.00093484546566732,364.019598709172,121.558028030369,117.578853695506,123.366673670842,-1.14776824494497,-0.4609443028544,-0.804356273899683,122.462350850606,94.2024453676595,182,301,7,149,2
3836216528.62045,605.745146989822,10.0957524498304,0.168262540830506,0.00291724498498513,363.92713775212,140.963439192999,144.874162291654,144.481904021868,0.31987170745963,-0.792068964302516,-0.236098628421443,142.722671607433,109.787412877834,193,318,7,150,2
3836216529.94452,607.069222211838,10.1178203701973,0.168630339503288,0.00106533121590052,364.382268919734,145.671928680817,146.315605117901,146.898736750287,0.974322404696173,1.63346926429962,1.3038958344979,146.285332715552,112.527939954686,182,307,7,152,2
3836216531.2761,608.400799274445,10.1400133212407,0.169000222020679,0.00356131027268859,363.449149163966,206.48389334234,214.375357952099,209.010526015104,-1.94970082971558,-1.93588697982553,-1.94279390477055,207.747209678722,159.806626560009,205,332,7,153,2
3836216532.67768,609.802379131317,10.163372985522,0.169389549758699,0.000995717822817541,363.407891049525,116.186886738797,118.126264100653,117.144705351372,-1.06529156443011,-1.97030855151585,-1.51780005797298,116.665796045085,89.7435269033729,186,300,7,154,2
3836216532.74268,609.867382764816,10.1644563794136,0.16940760632356,-0.0013764194168991,363.420069911235,147.963817217459,148.488023687222,149.484688067903,-0.787655891054506,0.285355372218932,-0.251150259417787,148.724252642681,114.404044893026,183,305,7,155,2
3836216534.88631,612.01100564003,10.2001834273338,0.170003057122231,0.00294608328250898,363.311222915979,209.962341032112,214.400422245735,212.809339971662,-1.67655192321129,-3.95933756886526,-2.81794474603827,211.385840501887,162.605592274381,213,348,7,156,2
3836216537.80847,614.933172225952,10.2488862037659,0.170814770062764,0.00268759798633053,363.339254765376,168.431687378567,176.219246994844,172.030550194147,-0.908130688932949,-3.13507574674662,-2.02160321783979,170.231118786357,130.94789995425,186,310,7,157,2
3836216539.17455,616.299250364304,10.2716541727384,0.171194236212307,0.0139973165133284,362.542875319147,183.036844045848,192.111245597594,187.359253656415,-1.58558403078484,-4.26374460295054,-2.92466431686769,185.198048851131,142.461000935534,214,347,7,158,2
3836216543.02127,620.145970106125,10.3357661684354,0.172262769473924,0.00535926836342568,366.072245852658,184.174626760039,186.72666370456,187.120489813166,-0.654305041324658,-1.12602325153821,-0.890164146431435,185.647558286602,142.806779762603,193,321,7,1,3
3836216545.64592,622.770620107651,10.3795103351275,0.172991838918792,0.00294908599137708,364.470464021132,101.172667494766,99.4675267236754,103.646503937863,-0.714051260682256,-0.119687932604981,-0.416869596643619,102.409585716314,78.7771371083232,165,282,7,2,3
3836216546.36846,623.493161439896,10.3915526906649,0.173192544844415,0.00469799864703893,364.87818894817,197.854668820665,209.844384503408,201.280090867176,-2.2549088112132,-4.25449844577788,-3.25470362849554,199.56737984392,153.51440721441,203,333,7,3,3
3836216550.39969,627.524391889572,10.4587398648262,0.174312331080437,0.00407936585309097,364.415375910608,208.400650509895,221.551061420601,211.094946368615,-3.73607673368121,-3.60071724604437,-3.66839698986279,209.747798439255,161.345551397792,206,331,7,4,3
3836216552.52732,629.652013778687,10.4942002296448,0.174903337160746,0.00104681180946418,363.742821179779,137.508540398893,139.066446751289,139.131795209406,-2.06233262315936,-2.80443856515391,-2.43338559415664,138.320167804149,106.400848589879,227,356,7,5,3
3836216554.25641,631.381112575531,10.5230185429255,0.175383642382092,0.000553629103289019,364.132832758735,235.052439817779,232.163122583402,238.109503096343,-1.99895034935177,-2.96652351038667,-2.48273692986922,236.580971457061,181.986593299188,195,321,7,6,3
3836216554.34892,631.473618268967,10.5245603044828,0.175409338408046,0.00174988584154812,363.937894601289,138.054523952069,139.583486833715,140.348427975387,-0.406906054859197,0.269693049234286,-0.0686065028124557,139.201475963728,107.078782527764,190,316,7,7,3
3836216555.32548,632.450173854828,10.5408362309138,0.175680603848563,0.00300810588631705,364.245348034948,161.463818055678,168.209643879133,163.902898234256,-2.319832241928,-1.95905971875844,-2.13944598034322,162.683358144967,125.141890968386,195,322,7,8,3
3836216556.80706,633.931758642197,10.5655293107033,0.176092155178388,0.00458501899919705,363.719191737662,146.897706572131,145.041281941988,147.616265029558,-0.301362994323078,-0.442326190583238,-0.371844592453158,147.256985800844,113.275370459228,184,301,7,9,3
3836216567.78969,644.914386987686,10.7485731164614,0.179142885274357,0.000966639921700869,365.06519273359,115.411037112443,115.854296247215,117.190544068602,-0.457133733733717,-0.901344878058747,-0.679239305896232,116.300790590523,89.4627515781119,197,322,7,10,3
3836216568.0577,645.182402133942,10.7530400355657,0.179217333926095,0.000830317857668045,365.240189970445,154.308648400821,162.328588836403,156.26022920697,0.854163886560847,-2.01528366174657,-0.58055988759286,155.284438803895,119.450376064696,206,341,7,11,3
3836216578.3953,655.519993305206,10.9253332217534,0.182088887029224,0.00173066220856863,366.03837541714,125.926820845821,124.64682916669,127.626845897432,-0.78728259709916,-0.571136869167668,-0.679209733133414,126.776833371626,97.5213005190848,183,305,7,12,3
3836216579.25234,656.37704205513,10.9396173675855,0.182326956126425,0.00310343235691508,365.582130357585,96.5259091268354,94.9377831471047,98.4374353411557,1.96659054601779,-0.492197425757645,0.737196560130074,97.4816722339955,74.9864087957417,183,303,7,13,3
3836216581.21546,658.340154886246,10.9723359147708,0.182872265246179,0.00478524248421066,365.188777180553,101.203403913732,100.046372789096,104.049271037042,0.384139751949768,0.748700321698351,0.56642003682406,102.626337475387,78.9438703581799,183,301,7,15,3
3836216581.35346,658.478162527084,10.9746360421181,0.182910600701968,5.19937280034015e-05,366.287442495436,145.797307082678,151.661849493579,147.428224557461,-0.111472712448794,0.0503229513527124,-0.0305748805480408,146.61276582007,112.779813276778,201,329,7,16,3
3836216582.15651,659.281208515167,10.9880201419195,0.183133669031991,0.000631068229364573,366.588571513726,166.048540446176,170.909245630802,168.226489561719,-1.95593435072028,-1.48351140508221,-1.71972287790124,167.137515003948,128.568188644795,204,331,7,17,3
3836216583.06656,660.191260576248,11.0031876762708,0.18338646127118,0.0101011693845955,365.902811631548,187.80082550369,189.922035158532,190.279132167067,-0.474555372501371,-2.80029784048898,-1.63742660649517,189.039978835378,145.416351677485,205,328,7,18,3
3836216585.97073,663.095426559448,11.0515904426575,0.184193174044291,0.00182325601589789,366.378231031846,186.18788769898,190.555774960722,190.047177514067,-1.49131342928742,-1.70266293523282,-1.59698818226012,188.117532606524,144.706772856936,208,339,7,19,3
3836216586.11174,663.236434936523,11.0539405822754,0.184232343037923,0.00272031020179892,366.039713821917,206.189459369349,219.067489994982,210.677532338765,-3.30966813971301,-2.3977260091333,-2.85369707442316,208.433495854057,160.334542572478,207,338,7,20,3
3836216587.49131,664.616013288498,11.0769335548083,0.184615559246805,0.00235711740172808,366.002489849977,206.638079382516,209.080820966593,210.52896077305,-3.4765869109566,-2.10503289195506,-2.79080990145583,208.583520077783,160.449946601889,189,311,7,21,3
3836216588.62138,665.746078014374,11.0957679669062,0.184929466115104,0.00435381931273157,365.822572970657,185.033517948652,190.867404126985,186.917681664291,-2.46595022899036,-1.9987927925177,-2.23237151075403,185.975599806472,143.059121099668,210,343,7,22,3
3836216589.64244,666.767136573792,11.1127856095632,0.18521309349272,0.00816436649889978,365.968361809961,230.33074940033,242.798115579256,233.761665976796,-3.80616598808992,-1.83423210251132,-2.82019904530062,232.046207688563,178.498289888466,209,331,7,23,3
3836216591.34054,668.465233325958,11.1410872220993,0.185684787034988,2.32111420830762e-05,365.592192012626,92.6369776484685,92.6955644395932,94.7489232165493,0.43775122764975,-0.778496655841746,-0.170372714095998,93.6929504325089,72.0719877019216,171,280,7,24,3
3836216592.32359,669.448290109634,11.1574715018272,0.185957858363787,0.00656456845602226,365.003604177322,123.833971456816,124.397353701794,128.034430243804,-1.86395066460796,-0.704835112372509,-1.28439288849023,125.93420085031,96.8731172733529,216,352,7,25,3
3836216594.33021,671.454904556274,11.1909150759379,0.186515251265632,0.00120457949788222,366.053326993298,95.3009375523373,90.3886730775812,95.7111294507704,0.814398209139472,0.708058400328094,0.761228304733783,95.5060335015538,73.4666764170443,164,275,7,26,3
3836216594.61822,671.742921352386,11.1957153558731,0.186595255931218,0.00184456916632094,366.410371055595,129.46591498991,129.13950792814,133.432995276171,0.0559517039213679,0.198863052672027,0.127407378296697,131.449455133041,101.115649256848,179,299,7,27,3
3836216600.36555,677.490250110626,11.2915041685104,0.188191736141841,4.17757553191956e-05,365.817170023004,111.976870425804,113.478689452575,112.658772774456,-0.546045147744531,-1.49507613483531,-1.02056064128992,112.31782160013,86.3989085593192,170,284,7,28,3
3836216604.52179,681.64648771286,11.3607747952143,0.189346246586906,0.00318166171904288,367.091495111172,154.988957643933,158.34875872985,157.559458334433,-1.49776028239123,-1.8308131570354,-1.66428671971332,156.274207989183,120.211742125008,194,320,7,29,3
3836216605.01182,682.136515855789,11.3689419309298,0.189482365515497,0.00344338463969282,365.692425267062,248.341961753313,260.907350640859,251.743889748049,-2.36862216308631,-4.54226974160531,-3.45544595234581,250.042925750681,192.342012781815,206,342,7,30,3
3836216607.57796,684.702662229538,11.411711037159,0.190195183952649,0.00296360808100135,365.309753909027,158.353706738873,151.542913781186,160.319308520435,-0.280357981982657,-1.46679389025878,-0.873575936120718,159.336507629654,122.567373162442,176,294,7,32,3
3836216609.00855,686.133244514465,11.4355540752411,0.190592567920685,0.00208203754364053,365.336340085514,183.025721284679,191.569997794063,184.83539467315,-1.24517554882802,-2.66985392824592,-1.95751473853697,183.930557978915,141.486001363709,212,342,7,33,3
3836216609.41857,686.543267726898,11.4423877954483,0.190706463257472,0.00586882057785844,365.615319237848,218.027900841835,227.840220100239,221.416923367085,-3.49630951186233,-1.77224786374473,-2.63427868780353,219.72241210446,169.018383025908,213,340,7,34,3
3836216610.20761,687.332312583923,11.4555385430654,0.190925642384423,0.00569910571110923,365.059074258426,220.359045653284,224.086007913785,221.274825100857,-5.15200133675822,-5.19072591422449,-5.17136362549135,220.816935377071,169.860329698298,214,345,7,35,3
3836216613.83132,690.956019639969,11.5159336606661,0.191932227677769,0.00522684797106341,365.515871792503,179.645434832037,181.921244069108,183.453791787401,-2.78213566438475,-2.41166341688988,-2.59689954063732,181.549613309719,139.654493079201,201,326,7,36,3
3836216614.58937,691.714063167572,11.5285677194595,0.192142795324326,-0.000172234560535573,365.362435762335,14.016840362738,12.8005226644587,14.3317412942345,0.34566065237477,2.16484091868229,1.25525078552853,14.1742908284863,10.9033743687045,136,217,7,37,3
3836216614.72987,691.854571342468,11.5309095223745,0.192181825372908,0.00339535981991771,365.08723670187,105.14571958334,102.808496966996,106.869272420542,0.0927713852050444,-0.530587815196183,-0.218908214995569,106.007496001941,81.5447791204626,184,292,7,38,3
3836216615.41891,692.543611049652,11.5423935174942,0.19237322529157,0.00802515928669455,364.652566439002,161.823237270423,163.339483659891,164.029453555455,0.457217951460462,0.142334393975546,0.299776172718004,162.926345412939,125.328805515405,204,329,7,39,3
3836216618.42308,695.547782897949,11.5924630482992,0.193207717471653,0.00201613660156915,365.28613326918,150.853015738767,152.974237989312,153.28365699975,0.778577423030535,-0.0134123301769139,0.382582546426811,152.068336369259,116.976434385549,205,335,7,40,3
3836216618.84261,695.967306852341,11.5994551142057,0.193324251903428,0.00789292837013265,364.542590189592,117.243193492073,116.986449734159,117.925991381989,0.465510548378733,0.0549691294485044,0.260239838913619,117.584592437031,90.4502981380842,197,320,7,41,3
3836216619.25163,696.376330137253,11.6062721689542,0.19343786948257,0.00281296242906971,364.910398577188,187.626535316587,197.409975353426,188.84141053259,-1.00755067060616,-1.06942583986156,-1.03848825523386,188.233972924589,144.796342938066,198,332,7,45,3
3836216619.81466,696.939362287521,11.6156560381254,0.193594267302089,0.0088184500694187,364.276877107693,125.901993446861,130.265879325996,128.16821873169,-1.94966238261371,-1.12093709652768,-1.53529973957069,127.035106089275,97.7199731838287,203,333,7,46,3
3836216620.78722,697.9119181633,11.6318653027217,0.193864421712028,0.00504492935440552,364.692583592942,187.997623219947,185.781819356644,189.310768100779,-2.37914009901197,-1.24303896363923,-1.8110895313256,188.654195660363,145.119593382257,209,338,7,48,3
3836216621.16574,698.290439844131,11.6381739974022,0.19396956662337,0.000524923653224933,364.372487436462,185.100626033602,191.790171322445,186.892625570301,-2.34752712692113,-2.84718801012859,-2.59735756852486,185.996625801952,143.075295051718,202,330,7,49,3
3836216625.18397,702.30866932869,11.7051444888115,0.195085741480192,0.00110027834731992,365.031908372179,28.296567936686,29.9854325588534,27.2146339705885,-0.638895051537477,1.52327804507994,0.442191496771234,27.7556009536373,21.350606650294,145,242,7,50,3
3836216625.34748,702.472178936005,11.7078696489334,0.195131160815557,0.000801622388219824,365.477368566049,160.62819528363,160.934613519633,161.588624359557,-3.44549773031723,-2.14165423256885,-2.79357598144304,161.108409821594,123.930384065579,208,326,7,51,3
3836216634.91903,712.043725967407,11.8673954327901,0.197789923879835,0.00753962109771841,365.461959242784,172.80577075294,182.200447872414,175.915008700362,-2.70715040888411,-1.59164320733314,-2.14939680810862,174.360389726651,134.124283695534,213,344,7,52,3
3836216634.99903,712.123730897903,11.8687288482984,0.19781214747164,0.00123609024034093,365.475178035482,186.990898067348,193.965611014587,190.526560564143,-2.31286181949629,-1.29243800406996,-1.80264991178312,188.758729315746,145.200004430157,194,319,7,53,3
3836216639.05427,716.178962945938,11.936316049099,0.198938600818316,0.000889017989873356,364.381558609503,98.4886389888232,103.614441409299,101.562839951361,-0.119464222883812,-0.171866499496508,-0.14566536119016,100.025739470092,76.9433968263927,182,298,7,54,3
3836216645.05011,722.174805402756,12.0362467567126,0.200604112611877,0.00221512864188998,365.450530520008,151.048634316069,151.145515060598,151.964447454756,-0.182205202030818,0.583593244276903,0.200694021123042,151.506540885412,116.544281091029,205,334,7,55,3
3836216646.79371,723.918405294418,12.065306754907,0.201088445915116,0.00466776248778178,367.264872163829,224.060719448961,232.232793272939,228.167704445393,-2.75827685855162,-2.69199753388226,-2.72513719621694,226.114211947177,173.935185384366,183,304,7,56,3
3836216647.52725,724.651947259903,12.0775324543317,0.201292207572195,0.00123440108088858,367.192153271285,29.4954908325177,29.2609524230875,28.5288211251595,0.100950825971141,0.776381856383195,0.438666341177168,29.0121559788386,22.3171939752212,124,214,7,57,3
3836216647.77926,724.903961896896,12.0817326982816,0.201362211638027,0.00575983240973038,367.823550981883,175.250743492329,177.776630644807,178.491152578221,-2.73090534617057,-1.2581823940857,-1.99454387012813,176.870948035275,136.055495453824,214,349,7,58,3
3836216648.3913,725.515996456146,12.0919332742691,0.201532221237818,0.00195324772551572,368.273801601548,231.207700066969,217.873246117278,232.344699620851,-6.42580905755841,-9.83747207862868,-8.13164056809354,231.77619984391,178.290590141907,187,315,7,62,3
3836216650.1384,727.263096570969,12.1210516095161,0.202017526825269,0.00784484806981632,366.10885254713,197.895597863808,201.769931110546,205.427148272187,-4.1549154146048,-3.45579944888662,-3.80535743174571,201.661373067998,155.125182125404,199,323,7,63,3
3836216651.30297,728.427663326263,12.1404610554377,0.202341017590629,0.000366492401769872,366.038128703509,103.577752443065,101.638778412588,104.296217810785,-0.671000628823047,1.53077581198719,0.42988759158207,103.936985126925,79.9520676770511,166,275,7,64,3
3836216661.21753,738.342230319977,12.3057038386663,0.205095063977771,0.000831416257160109,367.458599258722,202.730743902725,211.35318723248,205.737789610026,-2.67106038657731,-2.94629222849032,-2.80867630753381,204.234266756375,157.104344500066,199,325,7,65,3
3836216662.61861,739.743310928345,12.3290551821391,0.205484253035651,0.00160143014222072,369.880198860495,141.468367333828,142.221420073022,142.813097816456,-0.0106063189903788,-1.10935149359734,-0.559978906293859,142.140732575142,109.339764441266,181,301,7,66,3
3836216663.46316,740.587858915329,12.3431309819221,0.205718849698702,-0.000382944055912841,369.079399939979,121.077372599864,121.993960528315,122.740701416723,-0.222267381978287,0.727446100787455,0.252589359404584,121.909037008293,93.7768164569,196,323,7,67,3
3836216670.76308,747.887776613235,12.4647962768873,0.207746604614788,-0.00240142748571686,368.432164551783,196.751262873164,195.901168794088,198.797936709387,-2.33136342447957,-0.572963627055151,-1.45216352576736,197.774599791276,152.135336309823,180,301,7,68,3
3836216671.24311,748.367803812027,12.4727967302005,0.207879945503341,0.000927027653752518,367.857310376118,133.406565069744,135.377441766613,136.497097275375,-1.19247793510267,0.406394935282943,-0.393041499909865,134.95183117256,103.809802890419,202,325,7,69,3
3836216674.42679,751.551486253738,12.525858104229,0.20876430173715,0.000781492537838795,368.982080334203,119.943388566799,120.81413800942,118.439479425925,-1.94212124882115,-2.1390282277898,-2.04057473830547,119.191433996362,91.686338465221,185,304,7,71,3
3836216675.99488,753.119575738907,12.5519929289818,0.209199882149696,0.00694463025495563,369.066174625354,207.661863583118,212.311349509254,211.527859892526,-1.38339507038286,-0.0371817554336445,-0.710288412908253,209.594861737822,161.227906985763,199,331,7,72,3
3836216676.06238,753.187079668045,12.5531179944674,0.209218633241124,0.00202403843191484,369.722396995191,179.416505888558,181.004301151778,181.53555503347,-1.40078064068873,-1.50504398424446,-1.4529123124666,180.476030461014,138.828654534127,205,333,7,73,3
3836216676.84193,753.96662402153,12.5661104003588,0.209435173339314,0.00353187260241686,369.128805022101,184.203141152975,192.070735747267,185.10359868793,-1.84093568247134,-1.81024340439092,-1.82558954343113,184.653369920453,142.04201430941,210,335,7,74,3
3836216676.97043,754.095131397247,12.5682521899541,0.209470869832569,0.000986385077620255,370.542621260282,91.6993894179203,91.5022935998747,94.6364944847689,1.59987982376522,-1.13970758036338,0.23008612170092,93.1679419513446,71.6681322931293,186,308,7,75,3
3836216677.40046,754.5251557827,12.575419263045,0.20959032105075,0.00953177206133909,379.373628986418,227.012361699269,231.976776656773,230.19553018095,-1.1435921379358,-3.0306277186322,-2.087109928284,228.603945940109,175.850378329954,223,350,7,76,3
3836216681.11417,758.23886847496,12.6373144745827,0.210621907909711,0.0118320383736728,369.902002934867,129.990449541206,128.036623666263,132.905709963299,-0.735121373154573,-1.58096607080793,-1.15804372198125,131.448079752253,101.114591264472,199,312,7,79,3
3836216681.51069,758.635390758514,12.6439231793086,0.210732052988476,-0.00176930062075489,370.383242257367,80.4921129062102,83.2451277218853,80.9248829512428,-0.500782095455018,1.14196404894564,0.320590976745312,80.7084979287265,62.0838797722551,165,270,7,81,3
3836216681.90772,759.032413959503,12.6505402326584,0.210842337210973,0.0044730957831798,370.528983748238,198.740019645458,201.671001032952,200.131598120812,-1.49833392966829,-1.47049302310625,-1.48441347638727,199.435808883135,153.413198098635,205,336,7,82,3
3836216682.19573,759.320430278778,12.6553405046463,0.210922341744105,0.00166100482030162,370.203725242978,123.416315906857,122.462044832786,122.443986561962,-1.65877838220215,0.51608104811488,-0.571348667043637,122.930151234409,94.5622942501296,201,329,7,83,3
3836216682.90727,760.031970977783,12.6671995162964,0.211119991938273,0.0013148056505302,370.099785629701,117.954031084854,122.466714082015,119.494232199441,-0.109790044362981,-1.31889332976706,-0.714341687065019,118.724131642148,91.3268726850259,186,308,7,85,3
3836216686.61298,763.737682819366,12.7289613803228,0.212149356338713,0.000461728294884685,369.92907954829,109.184311036344,108.743318869504,111.315456634857,1.12920908374308,0.121893601958258,0.625551342850667,110.2498838356,84.8081764450515,185,304,7,87,3
3836216688.40459,765.52928519249,12.7588214198748,0.21264702366458,0.000506655257589326,369.952874665435,137.250967248858,136.180510180699,140.020696225733,-1.47226442895001,-0.961428138668688,-1.21684628380935,138.635831737295,106.643668642002,205,335,7,88,3
3836216690.3567,767.481397390366,12.7913566231728,0.213189277052879,0.00172457452129284,370.329325684413,150.887853899629,150.876222533539,151.803886597491,0.616379843408337,0.0444874026024176,0.330433623005377,151.34587024856,116.420687457678,190,313,7,89,3
3836216691.26425,768.388948917389,12.8064824819565,0.213441374699275,0.00328122515917683,370.061152149971,179.384151560279,183.832820230135,182.194032984595,-2.43537819981293,-2.73721923669005,-2.58629871825149,180.789092272437,139.06947294062,208,332,7,90,3
3836216694.62144,771.746140956879,12.8624356826146,0.214373928043577,0.000370089021254703,370.592822823704,159.020929960712,159.743676123785,162.622738250448,-2.27919115615504,-0.263160629956944,-1.27117589305599,160.82183410558,123.709939716405,200,329,7,93,3
3836216702.73091,779.855605125427,12.9975934187571,0.216626556979285,0.00776602016638628,369.706278026338,276.754181710921,283.848583680843,281.296512036287,-3.304345715941,-4.09181723204847,-3.69808147399473,279.025346873604,214.636333636273,202,332,7,94,3
3836216705.05754,782.182238101959,13.0363706350327,0.217272843917211,0.00272563841603689,369.836920969096,160.161866311361,164.706336519451,163.859014648324,-1.95530102787624,-1.37980691809655,-1.6675539729864,162.010440479843,124.62425849485,218,349,7,95,3
3836216710.95488,788.079575300217,13.1346595883369,0.218910993138949,0.00947691135295588,369.447872288258,194.33599792515,204.519830159006,199.140942086888,-2.63279864141485,-1.9360864093383,-2.28444252537658,196.738470006019,151.338308008377,212,341,7,98,3
3836216711.3354,788.460097312927,13.1410016218821,0.219016693698035,0.00379831368149233,369.137630997642,150.259513809022,148.987740956757,152.357686073944,-0.989720343016012,0.621132670598506,-0.184293836208753,151.308599941483,116.392017796824,199,319,7,99,3
3836216713.076,790.200696468353,13.1700116078059,0.219500193463431,0.00146715832541741,373.279285877751,93.2050857258595,94.9193239771122,94.7629886919643,-0.397639294393124,0.704871215286351,0.153615960446614,93.9840372089119,72.2959021210136,175,295,7,100,3
3836216721.50998,798.634679079056,13.3105779846509,0.221842966410849,0.000632005800633361,307.948222765238,72.6492064291186,76.5905133041616,74.241506555954,-1.38427196212018,2.18045169924802,0.398089868563917,73.4453564925363,56.4968101170681,160,266,7,103,3
3836216724.82217,801.946868419647,13.3657811403275,0.222763019005458,-0.000186380137853842,313.517597391457,181.849538115077,185.380025938832,186.271159234724,-1.45075417104618,1.19023404089522,-0.13026006507548,184.060348674901,141.585841035763,200,327,7,104,3
3836216725.09069,802.215383768082,13.3702563961347,0.222837606602245,-0.000536680801830154,313.592485721977,119.000923865695,118.125758504403,120.727229123082,-1.89289874249201,0.463321881245601,-0.714788430623206,119.864076494389,92.2037592703273,202,321,7,106,3
3836216729.51194,806.63663649559,13.4439439415932,0.224065732359886,0.000247242402714909,316.551738385249,94.3492043566825,96.5933964363289,94.9020045592661,0.719976538119129,0.895476251927514,0.807726395023322,94.6256044579743,72.7894187268087,176,283,7,107,3
3836216730.607,807.731699228287,13.4621949871381,0.224369916452302,0.000396898697296027,318.360785302994,156.179694992923,160.433851034413,158.941688201148,0.240243353373803,0.812716705119853,0.526480029246828,157.560691597036,121.201351592272,180,301,7,108,3
3836216731.97708,809.10177731514,13.485029621919,0.22475049369865,3.94002788054912e-06,320.356771132238,133.892903632813,119.613875832906,135.08989674715,-4.05522964049504,-1.3519767066797,-2.70360317358737,134.491400189982,103.455622816456,191,318,7,111,3
3836216733.55117,810.675867795944,13.5112644632657,0.225187741054429,-0.00159817193361584,323.307527867045,96.8286910884779,100.062467028452,94.9335104728503,0.667280264849232,0.0682879094526794,0.367784087150956,95.8811007806641,73.7551916596815,172,276,7,112,3
3836216734.1237,811.248400449753,13.5208066741625,0.225346777902709,-0.000798710607955773,323.523074218676,147.936072323833,153.995487300913,150.408585510974,-0.864638194258869,-0.608412959151525,-0.736525576705197,149.172328917403,114.748721281294,201,331,7,113,3
3836216734.80924,811.933939695358,13.532232328256,0.225537205470933,0.00200486494334946,324.237614522561,176.894760216166,178.509152325546,178.829646113054,-1.45792453439858,0.727787006972704,-0.365068763712939,177.86220316461,136.818004555748,206,340,7,114,3
3836216736.55984,813.684539794922,13.561408996582,0.226023483276367,0.00177047084685334,327.593494254154,122.734802572127,119.91430892848,124.245429728824,-0.88908826349827,-1.87850762520857,-1.38379794435342,123.490116150475,94.9930394060663,174,298,7,115,3
3836216737.25038,814.37507891655,13.5729179819425,0.226215299699042,-0.0181871278590125,332.883901497646,157.589884418694,155.326198291486,162.358591497913,2.10687164083541,-7.95231192542285,-2.92272014229372,159.974237958304,123.057938271038,205,326,7,116,3
3836216737.96392,815.088619709015,13.5848103284836,0.226413505474726,0.002857750249866,329.238960872133,117.468391828661,116.800844984571,116.657129450346,0.278320536910387,0.0156881266510561,0.147004331780722,117.062760639503,90.0488863486136,202,323,7,120,3
3836216738.18443,815.309132575989,13.5884855429331,0.226474759048886,0.000510231407421223,329.74547983419,239.231618953666,248.627577997697,240.383128771824,-2.87898217714998,-1.833533775563,-2.35625797635649,239.807373862745,184.468458086565,201,322,7,121,3
3836216738.49845,815.623151063919,13.5937191843987,0.226561986406644,0.00201269420488771,330.455425818468,111.384979536244,111.958793440766,111.417036678388,-0.4525974689513,-0.681776792844173,-0.567187130897737,111.401008107316,85.6936626419479,165,286,7,122,3
3836216738.98848,816.113178491592,13.6018863081932,0.226698105136553,0.00411606744708446,331.160357309958,317.684014535668,324.043257487597,320.468583125275,-7.22146655368808,-5.74635962932277,-6.48391309150543,319.076298830471,245.444966554338,231,370,7,123,3
3836216739.17349,816.298189401627,13.6049698233604,0.226749497056007,0.00339933608373916,330.75023693372,236.263376275306,245.890662775417,237.192523943079,-1.48025873604038,-1.23838867250995,-1.35932370427517,236.727950109193,182.099654565377,218,351,7,124,3
3836216739.70252,816.827219724655,13.6137869954109,0.226896449923515,-0.000449136853250298,331.560678266167,216.169392602669,215.399264206534,213.964150219964,-2.94951794283328,-1.55981336804798,-2.25466565544063,215.066771411317,165.437096736685,192,315,7,125,3
3836216740.28956,817.414253473282,13.6235708912214,0.227059514853689,0.000915019528241572,332.099068352467,141.262741747513,140.227653281016,141.349200084428,-0.753406596967183,1.42639150081842,0.336492451925618,141.30597091597,108.697635745819,188,310,7,126,3
3836216741.94065,819.065347671509,13.6510891278585,0.227518152130975,0.000577488306461171,332.989932580954,124.068641426235,120.042635936161,123.432153152223,-0.251762906216074,1.42238633749051,0.585311715637217,123.750397289229,95.1932570205687,194,314,7,127,3
3836216742.41868,819.543375015259,13.6590562502543,0.227650937504239,0.00342443789687224,333.345624538993,156.491786689236,157.925577029044,156.592399215453,-1.3856577212221,-1.71898187839938,-1.55231979981074,156.542092952344,120.417808874762,210,342,7,131,3
3836216743.08171,820.206413030624,13.6701068838437,0.227835114730729,0.00293838505325934,334.218956430036,139.377306915408,139.356917189461,141.800748168465,-2.14390640759956,-0.251348458594669,-1.19762743309712,140.589027541936,108.146137113341,200,332,7,134,3
3836216743.59324,820.717942237854,13.6786323706309,0.227977206177182,0.00133201311102947,333.962573325225,215.364380557488,214.412014554077,217.514381826594,-1.04540494155204,-1.45119425696305,-1.24829959925754,216.439381192041,166.492957554166,191,318,7,135,3
3836216743.89776,821.022459745407,13.6837076624235,0.228061794373724,0.00130170984147302,335.202386919595,144.508430776368,147.407050752607,144.941101969943,-0.0339952466008895,-1.08108138142584,-0.557538314013362,144.724766373156,111.327496188981,200,329,7,137,3
3836216744.5468,821.671496629715,13.6945249438286,0.228242082397143,0.0046726722906107,336.016931694855,186.726786847803,191.346424461495,191.442523887053,-1.28750238300896,-2.25204860632562,-1.76977549466729,189.084655367428,145.450718472997,213,340,7,141,3
3836216745.22134,822.346035003662,13.705767250061,0.228429454167684,0.00588143950314725,336.612314272776,232.907344446278,237.08797989826,235.544507230998,-3.09174585075277,-2.53367432014578,-2.81271008544928,234.225925838638,180.175007496148,210,338,7,144,3
3836216745.85337,822.978071212769,13.7163011868795,0.228605019781325,-0.000987105045211885,336.526124495677,128.529274485922,125.74730865022,127.69835125822,-0.0939818169514441,-1.49148717285409,-0.792734494902768,128.113812872071,98.549753243318,184,304,7,145,3
3836216746.10239,823.227085351944,13.7204514225324,0.22867419037554,0.00577051771049296,337.760229483373,238.232238798858,246.732044814089,240.399154381377,-2.57761548746829,-6.21798561331893,-4.39780055039361,239.315696590117,184.090242242336,213,349,7,149,3
3836216746.81643,823.941126346588,13.7323521057765,0.228872535096274,0.00427645179559398,338.157679530752,186.065116538417,188.546380954073,189.844268525528,-1.67725929246676,-0.299387777767152,-0.988323535116955,187.954692531973,144.581510414071,190,309,7,150,3
3836216747.53047,824.655167102814,13.7442527850469,0.229070879750782,0.00152492902179433,338.829114338902,117.388159065338,117.463999446221,119.795444897535,0.453285716573312,-1.04103699624842,-0.293875639837553,118.591801981437,91.2250799499766,183,306,7,152,3
3836216747.74048,824.865178823471,13.7477529803912,0.229129216339853,0.000162251474973436,339.23114405297,10.762120010335,13.4367243888739,10.6253649893735,0.753549969751768,0.921929419950483,0.837739694851126,10.6937424998543,8.22601139551256,146,201,7,153,3
3836216749.14206,826.266759634018,13.771112660567,0.229518544342783,0.000927941581854574,340.205321360425,84.6521093010036,88.9589696021896,85.8337076141799,-5.26286364388117,-7.21623591446944,-6.23954977917531,85.2429084575918,65.571911458345,182,304,7,157,3
3836216749.8466,826.971299171448,13.7828549861908,0.229714249769847,0.00184630158160497,340.779896925518,236.134436122699,232.209638874051,238.574604995991,-6.65714134155776,-4.62125780725329,-5.63919957440552,237.354520559345,182.581635094,173,290,7,1,4
3836216750.49064,827.615335941315,13.7935889323552,0.229893148872587,0.00502084539016078,341.418473800393,128.022164456392,129.05726442858,129.536883263358,-0.703829863747524,-0.55771241963114,-0.630771141689332,128.779523859875,99.0618420814275,188,310,7,2,4
3836216752.81627,829.940969467163,13.8323494911194,0.230539158185323,0.00658554679161008,342.631940686537,181.201540561691,183.751500323645,179.929475710996,-2.49476755472569,-0.634406862709375,-1.56458720871753,180.565508136344,138.897483980592,200,323,7,3,4
3836216753.68732,830.812019109726,13.8468669851621,0.230781116419368,0.00526855297839945,343.592719212405,140.483660675677,141.464894819356,142.154344559857,-0.494245806354251,0.135829820346868,-0.179207993003691,141.319002617767,108.707660199604,190,311,7,4,4
3836216758.06457,835.189269542694,13.9198211590449,0.231997019317415,0.00562574887060799,346.499382083338,152.378842117021,160.842370441642,155.614138776851,-1.40567507561895,-2.50243522749489,-1.95405515155692,153.996490446936,118.459639859731,208,338,7,5,4
3836216758.37859,835.50328707695,13.9250547846158,0.232084246410264,-0.0013624734888228,347.109573422971,108.776452213731,111.008902685991,109.879744053832,-0.84024661121132,-1.3419727323215,-1.09110967176641,109.328098133782,84.0991057256579,185,309,7,6,4
3836216759.31914,836.443841457367,13.9407306909561,0.232345511515935,0.000841432903918922,348.548590278251,236.484999498187,242.755448054125,238.479983736352,-0.701763795788735,-3.3019163630681,-2.00184007942842,237.48249161727,182.680075035003,215,353,7,7,4
3836216760.79173,837.916425466537,13.9652737577756,0.232754562629594,0.00396280856370429,348.767291720733,179.26401789744,178.313259409891,180.502694212562,-1.07490188187016,-1.18140806146089,-1.12815497166553,179.883356055001,138.372748061929,194,320,7,8,4
3836216762.77434,839.899039268494,13.9983173211416,0.233305288685693,0.00249156895989124,350.666160134149,173.673997313124,182.24458007097,174.895422160196,-0.647574846225045,-0.82629813930718,-0.736936492766113,174.28470973666,134.066067924948,216,343,7,9,4
3836216763.68389,840.808591127396,14.0134765187899,0.233557941979832,-0.00151571718627269,350.804731241511,148.494828600585,152.46358617326,149.08835466443,1.55451321057269,-2.01935197707315,-0.232419383250232,148.791591632507,114.455844466251,209,341,7,10,4
3836216764.42744,841.552133560181,14.0258688926697,0.233764481544495,5.02927676562807e-05,350.633428715854,142.569748791404,146.029754447314,146.706970816396,-2.489313368661,-0.514782923133915,-1.50204814589746,144.6383598039,111.261029147779,208,334,7,12,4
3836216764.99947,842.12416601181,14.0354027668635,0.233923379447725,0.00995368899076952,350.811853805687,203.716138374638,203.388849220655,207.783238855745,-2.57447908793372,-2.87735055509188,-2.7259148215128,205.749688615191,158.270061505109,192,316,7,15,4
3836216767.72212,844.846821546555,14.0807803591092,0.234679672651821,-0.00180573371101024,352.55868921844,32.0898269889864,31.0873105162065,31.9920780141663,1.35637225871735,-0.169488166412346,0.593442046152501,32.0409525015764,24.6470532093546,165,257,7,18,4
3836216768.36816,845.4928586483,14.0915476441383,0.234859127402306,0.0044002743220393,352.00796430966,207.892453434746,205.949492109701,209.239126312573,-0.96274120309866,-1.65329565649172,-1.30801842979519,208.565789873659,160.436307891104,210,341,7,19,4
3836216769.1022,846.226900815964,14.1037816802661,0.235063028004434,0.00757413998254228,352.77961593364,268.117152790975,283.252391681229,270.830116113355,-1.85595735332664,-4.54723422305706,-3.20159578819185,269.473634452165,207.288812857043,225,362,7,20,4
3836216779.45029,856.574992656708,14.2762498776118,0.237937497960197,-0.00148695302821198,355.594153010195,95.4818345712043,95.992752821059,95.4301563331376,1.06851575614042,0.0900594343592491,0.579287595249833,95.455995452171,73.4281853495403,199,321,7,21,4
3836216788.13929,865.263989686966,14.4210664947828,0.240351108246379,-0.00286823074896294,357.907548247011,88.6445933808473,89.4455745225965,88.6292688140612,-0.692156290675744,0.72795730309102,0.017900506207638,88.6369310974543,68.1827157593198,172,286,7,22,4
3836216789.25886,866.383553504944,14.4397258917491,0.240662098195818,0.00231710242604435,357.208306447426,137.063712230462,142.221134851157,138.175727204375,-2.37726044270097,-0.171744247628236,-1.2745023451646,137.619719717418,105.862038725746,200,319,7,23,4
3836216793.5626,870.687299966812,14.5114549994469,0.241857583324114,0.00144584319089111,357.292972373447,170.588682323019,171.305657512398,171.910283658947,-3.1602100502449,-2.44363749960159,-2.80192377492324,171.249482990983,131.731262332028,210,340,7,24,4
3836216793.92462,871.049320697784,14.5174886782964,0.241958144638273,0.000115442064437318,356.887562664739,162.959156119261,169.644780936412,165.477942937926,-3.15311269637962,-1.80855556703558,-2.4808341317076,164.218549528594,126.322815403042,211,333,7,26,4
3836216794.07063,871.195328712463,14.5199221452077,0.241998702420129,0.0019885225086373,356.848353463677,153.31094438216,155.80266993051,154.711292234186,-1.17949062975208,-0.207970305742891,-0.693730467747484,154.011118308173,118.470892136774,198,324,7,27,4
3836216794.83367,871.958372831345,14.5326395471891,0.242210659119818,-0.000664525461811302,356.871201917992,115.935822842323,115.337136987852,117.731651691783,0.840682646651285,-0.497263427956714,0.171709609347286,116.833737267053,89.8727133323248,195,321,7,28,4
3836216795.49621,872.620910406113,14.5436818401019,0.242394697335031,0.00351358910733287,356.518520018414,236.482115544753,241.175565269686,238.408101254422,-3.15543141191735,-1.43004137176049,-2.29273639183892,237.445108399587,182.65131851925,221,350,7,29,4
3836216799.19092,876.315621614456,14.6052603602409,0.243421006004016,0.00101668058080298,358.664877405158,213.397768907855,217.417831364674,216.289854400917,-2.0309757790269,0.083988543591181,-0.973493617717862,214.843811654386,165.265588071568,203,327,7,30,4
3836216803.9782,881.102895498276,14.6850482583046,0.244750804305077,-0.0014890928228676,358.884492636746,101.071901028554,101.14981568748,102.138501022323,-0.361871636948605,-0.146957893132717,-0.254414765040661,101.605201025438,78.1583754695786,183,297,7,35,4
3836216809.08649,886.211188077927,14.7701864679654,0.246169774466091,-0.00264774762864342,360.305139181978,154.379874640273,159.028386247963,156.511010682784,0.474400659343899,-0.559512924610799,-0.0425561326334504,155.445442661528,119.574226023458,192,315,7,36,4
3836216810.03604,887.16074180603,14.7860123634338,0.246433539390564,0.000198890439830648,359.416317825351,185.370884777133,194.225129349366,187.07957536937,-3.02390041314379,-3.73426651310166,-3.37908346312273,186.225230073252,143.251145680326,221,355,7,37,4
3836216811.41212,888.536820650101,14.808947010835,0.246815783513917,0.0067066402064752,358.995803018345,162.241376614945,160.118222118982,165.341105163189,-3.39258756004729,-0.880357887498592,-2.13647272377294,163.791240889067,125.994114226798,202,327,7,38,4
3836216813.18872,890.313422441483,14.8385570406914,0.247309284011523,-0.00129295366285096,358.822714550145,122.693693606419,123.511966927865,122.952683893361,-1.21708097298749,-1.04634323436962,-1.13171210367856,122.82318874989,94.4800148594898,184,301,7,39,4
3836216815.14734,892.272034168243,14.8712005694707,0.247853342824512,0.0019660593502009,358.446800143447,133.676339319172,134.209047435969,135.034345675619,-1.59549332912261,-1.653536030075,-1.6245146795988,134.355342497395,103.350962345187,210,335,7,40,4
3836216819.6771,896.801793575287,14.9466965595881,0.249111609326469,0.00161196496033886,360.116074947487,187.078135290701,191.823865666071,190.552032202344,-2.77738086408713,-1.86332856019885,-2.32035471214299,188.815083746523,145.243354285436,201,324,7,41,4
3836216825.20041,902.325109481812,15.0387518246969,0.250645863744948,0.00110136635730458,361.512564395007,168.257876768296,172.663835864205,170.212510451703,-1.51865369879547,-1.26113602406101,-1.38989486142824,169.23519361,130.18179848417,196,325,7,42,4
3836216826.10596,903.230661153793,15.0538443525632,0.250897405876054,0.00344976106950998,359.929890634706,206.905131688,213.094819467134,213.588801993286,-5.66493915576147,-6.89653764854475,-6.28073840215311,210.246966840643,161.729529687726,201,333,7,45,4
3836216826.61299,903.737690448761,15.0622948408127,0.251038247346878,0.000361456759226884,359.905940687105,209.360426501342,203.645379473972,212.231456961387,-1.29272783861253,-2.52366390203243,-1.90819587032248,210.795941731365,162.151820920846,186,306,7,46,4
3836216827.67205,904.79675078392,15.0799458463987,0.251332430773311,0.000513117890726026,359.663496530646,102.72539817547,103.807642024408,105.025679502716,-0.247398900613222,-1.95360125696716,-1.10050007879019,103.875538839093,79.9048009821663,189,317,7,47,4
3836216828.19008,905.314780235291,15.0885796705882,0.251476327843136,-0.00741646408823688,361.342290860888,128.792390956419,124.736006886414,129.49375684034,1.13635350623466,0.551389207959309,0.843871357096984,129.14307389838,99.3414978483043,209,342,7,50,4
3836216834.21793,911.342625379562,15.189043756326,0.253150729272101,0.00131679527049375,359.873743509626,158.831950620347,162.006635414654,162.484593534858,-0.712371099533387,-1.74903252680111,-1.23070181316725,160.658272077602,123.584121920995,214,352,7,54,4
3836216834.25593,911.380627632141,15.1896771272024,0.253161285453373,0.000164948701145573,359.126566883458,21.8660112660208,20.9846545193852,21.1728138269312,-0.40482471396825,-0.136739333075707,-0.270782023521978,21.519412546476,16.5535062055646,142,213,7,55,4
3836216837.56612,914.690816640854,15.2448469440142,0.254080782400237,0.000985153108953088,359.958684097417,131.53930345779,130.680890005692,134.919857131382,-0.908479725426476,1.33041215991465,0.210966217244088,133.229580294586,102.484985563993,172,290,7,56,4
3836216841.07332,918.198017597198,15.3033002932866,0.255055004888111,-0.00529100778658092,361.807694338469,136.926788700293,136.240912144153,139.44835984616,1.97378246252822,0.869581232591034,1.42168184755962,138.187574273227,106.298852876371,182,308,7,57,4
3836216843.96048,921.08518242836,15.3514197071393,0.255856995118989,0.00461255315899632,360.975364048127,200.807985490406,198.51660013402,202.687224385424,-1.632864161982,-1.07045576304527,-1.35165996251364,201.747604937915,155.191514781591,201,332,7,58,4
3836216844.82703,921.951732158661,15.3658622026443,0.256097703377406,0.00453694079083087,360.021652760752,209.441551025086,218.822829054731,210.304857303355,-3.35505523332182,-3.22203177036874,-3.28854350184528,209.87320416422,161.442017992405,223,356,7,59,4
3836216847.02166,924.146357536316,15.4024392922719,0.256707321537866,-0.00103998744186968,359.78362921782,114.002775746965,112.072397975327,113.352961363873,0.215574435844682,-1.41494697959687,-0.599686271876095,113.677868555419,87.4451055995787,213,348,7,61,4
3836216847.7652,924.889899969101,15.4148316661517,0.256913861102528,0.000389425929640968,359.690047099791,213.444027521295,219.511283561711,216.073828046069,-1.22019155191431,-0.874456328711151,-1.04732394031273,214.758927783682,165.200292344865,220,353,7,62,4
3836216848.02772,925.152415275574,15.4192069212596,0.256986782020993,0.00256913854605032,359.295914085898,201.269660144778,208.037180087129,202.335000805674,-2.34184663564017,-1.14748040284465,-1.74466351924241,201.802330475226,155.233611633423,217,349,7,64,4
3836216849.95683,927.081525564194,15.4513587594032,0.257522645990054,-0.000217977640598794,358.361440682429,105.991985236169,107.107460978704,109.085875331126,-1.69217556978037,-1.99921857487542,-1.84569707232789,107.538930283647,82.7228134571755,194,319,7,65,4
3836216853.82855,930.953246593475,15.5158874432246,0.258598124053743,-0.00109471054248842,359.497914241798,19.6017338525283,20.3929846853734,19.0471325653895,0.75296862203249,1.66646550607767,1.20971706405508,19.3244332089589,14.865049143542,141,225,7,66,4
3836216855.68415,932.808852672577,15.5468142112096,0.259113570186827,-0.00210094346418727,359.930589327261,180.968154579579,186.894837446027,182.761804981427,-2.03439241258444,-1.4206136004472,-1.72750300651582,181.864979780503,139.897084312575,195,314,7,67,4
3836216857.55326,934.677959918976,15.5779659986496,0.25963276664416,0.0031894478158454,360.030253288315,197.099671423914,203.382864477555,199.571166636042,-3.81032503509738,-4.848116112162,-4.32922057362969,198.335419029978,152.566738641462,212,338,7,68,4
3836216861.29998,938.424674272537,15.6404112378756,0.26067352063126,-0.00269356807491708,359.425735072728,161.806974951975,167.815167549351,162.996108690356,-1.35415726983759,-1.10929165956096,-1.23172446469928,162.401541821165,124.925107714902,218,346,7,69,4
3836216861.35748,938.482177495956,15.6413696249326,0.260689493748877,0.00515085085836179,358.929180858759,226.702521740871,233.753951688937,228.795179850614,-5.41882556677438,-2.92405129111873,-4.17143842894655,227.748850795743,175.192608386279,214,355,7,70,4
3836216863.86662,940.991320848465,15.6831886808077,0.261386478013462,0.000869061333046244,359.13130430366,255.40607239061,258.306958928586,259.284407867261,-2.8002993333592,-2.252425201042,-2.5263622672006,257.345240128936,197.959215673128,209,340,7,71,4
3836216864.11664,941.24133515358,15.687355585893,0.26145592643155,0.00255719298284026,358.682085334638,157.246711479481,165.044139778606,159.060115045898,-1.82091596734166,-0.709944299234586,-1.26543013328812,158.153413262689,121.657294418284,214,339,7,72,4
3836216865.2912,942.415902376175,15.7069317062696,0.261782195104493,0.00117760282809613,359.360950806747,155.129090449792,152.50221321812,157.066251697323,-1.59381470014609,0.381615215523499,-0.606099742311297,156.097671073558,120.075943579299,193,323,7,73,4
3836216882.6322,959.756894350052,15.9959482391675,0.266599137319459,0.000655156179637388,369.110035506999,134.322069561119,135.169506374429,134.537688429578,-1.80674864699677,-1.04958338426531,-1.42816601563104,134.429878995348,103.408298500565,204,331,7,74,4
3836216883.90527,961.029967069626,16.0171661178271,0.266952768630452,0.00847869248352523,363.412574670163,419.071998774662,418.361541816811,426.049958836223,-22.0364031962254,-25.5671287328168,-23.8017659645211,422.560978805443,325.049104838637,230,373,7,78,4
3836216886.86244,963.987135887146,16.0664522647858,0.267774204413096,0.00513705222482259,361.157653792017,164.895467168417,170.141780711161,167.324608648156,-2.42715095266281,-2.4432493508774,-2.4352001517701,166.110037908286,127.777816303433,212,339,7,83,4
3836216887.877,965.001694440842,16.083361574014,0.268056026233567,0.00507894745359252,363.183099648858,222.136788566251,226.790628955188,224.941441499309,-1.34689028981917,-3.9157432238138,-2.63131675681649,223.53911503278,171.954328208997,199,322,7,84,4
3836216890.59365,967.718349456787,16.1286391576131,0.268810652626885,0.00698823448494014,360.927894584268,207.937218730481,213.144465452918,211.951904888888,-2.70305002630616,-1.71323147117302,-2.20814074873959,209.944561809684,161.496908860102,207,335,7,85,4
3836216891.75522,968.879915952682,16.1479985992114,0.269133309986856,-0.000497905619640372,361.462939231067,122.769475008298,125.389051042261,124.552665420317,0.800356468691311,-1.8138474151155,-0.506745473212093,123.661070214308,95.1245434213551,197,319,7,86,4
3836216894.12885,971.253551959991,16.1875591993332,0.26979265332222,0.00848773002923324,361.146178994695,341.527070379534,366.708242752773,348.09389303187,-5.98943852059995,-7.1240896422285,-6.55676408141422,344.810481705702,265.240625706289,223,359,7,87,4
3836216897.18553,974.310226678848,16.2385037779808,0.270641729633013,0.00149155554464066,360.579679188729,114.713419699568,116.215867750659,115.99835230231,-0.296521777555696,-0.608702149594821,-0.452611963575258,115.355886000939,88.7358969786402,211,337,7,89,4
3836216898.83362,975.958320856094,16.2659720142682,0.271099533571137,0.0010559274790473,360.965042754741,152.111307385995,158.231267049214,153.964983672398,-0.261347179508258,-1.10682380955174,-0.684085494529997,153.038145529196,117.72244647638,194,321,7,90,4
3836216900.1072,977.231893539429,16.2871982256571,0.271453303760952,0.00272105632656372,360.116114744259,193.198966245593,178.304579623212,196.178078317394,-4.42347569021593,-3.82563424981378,-4.12455497001486,194.688522281494,149.76141448,216,352,7,92,4
3836216905.26599,982.390688657761,16.373178144296,0.272886302404934,-0.00119190650771662,361.225109675179,115.160809689682,113.13318111197,114.346175983188,0.264067807576172,1.08854549037972,0.676306648977948,114.753492836435,88.2725144878183,204,325,7,93,4
3836216908.69269,985.817384719849,16.4302897453308,0.27383816242218,0.00909192306951304,370.195759391795,156.86674240827,163.149211548241,157.253058870772,-2.76492205949215,0.973974264815127,-0.895473897338512,157.059900639521,120.8161251738,192,316,7,94,4
3836216912.4079,989.532597541809,16.4922099590302,0.274870165983836,-0.000531697178397537,361.207720900535,99.9029597951483,100.541472268115,100.746538538448,-1.54956082602789,-1.76469028410742,-1.65712555506765,100.324749166798,77.1734058407773,189,306,7,95,4
3836216914.184,991.308699131012,16.5218116521835,0.275363527536392,-0.000185144250126309,360.708206839786,87.8006423146783,84.6083673587909,90.3616352421603,0.808086155174598,-1.01197104170293,-0.101942443264167,89.0811387784193,68.5244162861132,190,312,7,99,4
3836216914.47552,991.600215911865,16.5266702651978,0.275444504419963,-0.000127532927541123,360.107119148485,126.488905849689,127.701077974477,129.590911692335,-1.2833026248403,-2.28009971675331,-1.7817011707968,128.039908771012,98.4929035503789,189,322,7,101,4
3836216915.20456,992.329257488251,16.5388209581375,0.275647015968959,0.00746427229571229,363.369419592466,175.933163856237,182.154887311118,174.789164556497,2.18331701343195,5.59173846800324,3.88752774071759,175.361164206367,134.894115424192,198,323,7,102,4
3836216916.07111,993.195807218552,16.5532634536425,0.275887724227375,0.0118444228461766,361.240482625982,175.44929092287,183.002831148576,180.424113786021,-1.89612343366972,-3.17803409788826,-2.53707876577899,177.936702354445,136.87531201238,216,349,7,106,4
3836216916.32462,993.449321508408,16.5574886918068,0.275958144863447,0.000814572712065762,361.872518776858,120.439629910563,123.281905299614,122.765841377838,-0.024755527238071,-0.136534354984354,-0.0806449411112126,121.6027356442,93.5411984296731,186,305,7,107,4
3836216916.92316,994.047855377197,16.5674642562866,0.276124404271444,0.00154636061419907,361.988924191725,202.673335798334,208.495599769123,204.525777664924,-2.00040630194824,-1.84724515960527,-1.92382573077676,203.599556731629,156.616102717876,196,328,7,108,4
3836216917.26568,994.390375137329,16.5731729189555,0.276219548649258,0.000403901743246219,362.471051371846,159.602930004115,157.816030108984,161.840272959804,-0.576227029087892,-1.01365273226761,-0.794939880677749,160.721601481959,123.632837176849,211,353,7,109,4
3836216920.40886,997.533555269241,16.6255592544874,0.277092654241456,-0.00129066910063525,362.803768835531,116.605177688676,115.453426403223,117.293026586688,0.905056020027221,1.23029471262872,1.06767536632797,116.949102137682,89.9614561406026,204,333,7,110,4
3836216920.73088,997.855573654175,16.6309262275696,0.277182103792826,0.00532746202944939,362.335001239599,190.741513629412,201.186801776246,194.612046333499,-1.65413151167797,-1.94406281022259,-1.79909716095028,192.676779981456,148.213909938426,222,357,7,111,4
3836216923.36253,1000.4872238636,16.6747870643934,0.277913117739889,0.000453368142189789,362.700752287057,144.221838264209,141.126986864254,145.575148118963,-0.572940385234126,0.683490254441162,0.0552749346035179,144.898493191586,111.461133106846,199,322,7,112,4
3836216923.62154,1000.7462387085,16.6791039784749,0.277985066307916,0.00615575089065381,362.617506732769,428.954995758224,426.608960247812,428.764194807918,-12.4454243196125,-26.0797960546087,-19.2626101871106,428.859595283071,329.89422720077,212,342,7,113,4
3836216925.63016,1002.75485348701,16.7125808914502,0.278543014857504,0.000720203414484994,363.570528279697,178.412186125281,181.05917127688,180.217000978419,-0.371973829892518,-1.09301288769116,-0.732493358791839,179.31459355185,137.935235485549,193,314,7,114,4
3836216928.49632,1005.62101769447,16.7603502949079,0.279339171581798,-0.000159341856486244,363.664479320764,146.808747029386,143.864205187302,148.08083422816,-1.34663856222521,-1.17577352301598,-1.2612060426206,147.444790628773,113.419836688398,181,302,7,115,4
3836216934.95469,1012.07938718796,16.867989786466,0.281133163107766,-0.00085322738131953,364.37561007506,72.8660827821932,73.9652176750995,74.3933744123802,0.795725890155345,-1.29460516810206,-0.249439638973355,73.6297285972867,56.6386357720913,163,276,7,116,4
3836216936.55228,1013.67697834969,16.8946163058281,0.281576938430468,0.00023923254520379,364.536439089101,162.285576312347,168.872083006999,165.688683661382,-4.03275926059057,-0.868476868022462,-2.45061806430652,163.987129986864,126.144799167151,200,323,7,117,4
3836216937.09681,1014.22150945663,16.9036918242772,0.281728197071287,0.00630331831489072,363.53083506169,216.520438859626,227.022205219435,219.650902499169,-1.27047836509564,-3.31449457020751,-2.29248646765158,218.085670679397,167.759342646522,213,342,7,118,4
3836216938.14187,1015.26656961441,16.9211094935735,0.282018491559558,-0.000311407879804307,363.942012411351,160.271920709641,158.339623026749,160.690079590259,-0.685718833187427,-0.702916880638673,-0.69431785691305,160.48100014995,123.447757977596,187,307,7,119,4
3836216947.10238,1024.22708153725,17.0704513589541,0.284507522649235,0.000295370530162759,364.063230690349,139.013412877338,138.588418984895,138.961583732645,-1.36160051035808,2.30426011510128,0.471329802371599,138.987498304991,106.914183215673,198,325,7,120,4
3836216954.73882,1031.86351847649,17.1977253079414,0.286628755132357,0.00234301557114228,367.666020085102,88.6025331227101,94.9891625460964,89.8933575798266,0.0529316729891051,-0.180615259718386,-0.0638417933646406,89.2479453512684,68.6527299021481,192,309,7,1,5
3836216955.00784,1032.13253378868,17.202208896478,0.286703481607967,-0.0034592879580732,370.874147972598,165.42160231801,166.126977754235,167.436651168349,0.966000929091695,-0.102138905503495,0.4319310117941,166.42912674318,128.023270913177,210,344,7,2,5
3836216955.15234,1032.27704167366,17.2046173612277,0.286743622687128,0.00744282798233653,367.468938685,223.996287318572,235.517465687514,227.40717930028,-1.44544284753712,-3.75616559676162,-2.60080422214937,225.701733309426,173.617891978938,228,366,7,3,5
3836216957.58048,1034.70518112183,17.2450863520304,0.287418105867174,0.000681417688811629,365.583877469104,168.609210696656,169.404425075939,168.130105220387,-1.54245814572539,-1.67443567014442,-1.60844690793491,168.369657958522,129.515997326869,195,320,7,4,5
3836216970.66773,1047.79242920876,17.4632071534793,0.291053452557988,0.000185040401461015,296.135605637178,328.041962272036,333.462999291662,331.14890856907,-3.61537067700534,-2.30511372668952,-2.96024220184743,329.595435420553,253.536664803304,206,337,7,7,5
3836216971.09726,1048.22195386887,17.4703658978144,0.291172764963574,-0.000952744507342299,296.808954902836,148.691616781249,150.132009529953,148.73910410034,-1.92707693813989,0.60574660215625,-0.660665167991818,148.715360440794,114.397204691473,185,314,7,8,5
3836216971.9548,1049.07950282097,17.4846583803495,0.291410973005825,-0.000299178052088548,298.932185375898,136.742145862056,136.651727553851,138.975289091982,-0.3479522871728,-0.158244192360781,-0.25309823976679,137.858717477019,106.04588439942,181,299,7,9,5
3836216972.14582,1049.27051377296,17.4878418962161,0.291464031603601,-0.000536643067400538,299.628425079257,101.66826892943,100.467939754111,102.061407134686,-0.763125590032149,-0.613580568611348,-0.688353079321749,101.864838032058,78.3580975944735,172,289,7,10,5
3836216972.39583,1049.52052807808,17.4920088013013,0.291533480021689,-0.000700427445607598,300.455892606489,169.471404790521,156.946302358171,168.515410944122,-1.95197798734784,-0.147083633692623,-1.04953081052023,168.993407867322,129.995808193627,172,290,7,11,5
3836216973.34988,1050.4745824337,17.5079097072283,0.291798495120472,0.00119780741873562,301.566844533712,92.3793861446133,91.2558142896876,91.9545935557801,1.62029571789819,1.54811387722364,1.58420479756092,92.1669898501967,70.8981639316771,170,289,7,13,5
3836216974.93097,1052.05567288399,17.5342612147331,0.292237686912219,0.00012430648181569,302.481182683263,154.825047393731,156.473915568196,158.446991651278,-1.45138961417391,-1.20371465229127,-1.32755213323259,156.636019522505,120.490060571162,195,320,7,14,5
3836216975.06498,1052.18968081474,17.5364946802457,0.292274911337429,0.000508756401481874,302.696671441189,162.947987221567,161.731463430064,163.722963841828,-1.3688665751423,-0.609371648290154,-0.989119111716226,163.335475531698,125.643523119574,188,305,7,15,5
3836216975.51301,1052.63770651817,17.5439617753029,0.292399362921715,0.000142118853612741,303.292696158557,151.084776768458,155.52552299141,153.10443923719,-2.2258166077087,0.217626727698231,-1.00409494000523,152.094608002824,116.996643471105,188,317,7,16,5
3836216975.82403,1052.94872403145,17.5491454005241,0.292485756675402,0.0014995974613486,304.056810209089,189.229529126173,189.629807982395,190.298989243641,-0.310626696443761,0.712031328491665,0.200702316023952,189.764259184907,145.973494175432,197,324,7,17,5
3836216976.13804,1053.26274228096,17.554379038016,0.292572983966933,-0.00118332869275583,303.827794609458,147.773302082909,151.443541743363,147.602157808908,-1.50537064504597,-0.20068560782282,-0.853028126434396,147.687729945908,113.606714349909,197,318,7,18,5
3836216976.83158,1053.95628166199,17.5659380276998,0.292765633794996,-0.000485840181356405,303.910323994798,56.9395545507697,64.220122880742,54.8750226361212,-2.63247061557887,-7.70948116820788,-5.17097589189337,55.9072885934455,43.0058974272253,151,257,7,19,5
3836216977.0811,1054.20579600334,17.5700966000557,0.292834943334262,-0.000645286371944164,304.150937647703,218.401348089253,219.296437819331,219.826491011817,0.567349889449676,-1.07302920383888,-0.252839657194604,219.113919550535,168.550308665342,203,333,7,20,5
3836216979.51924,1056.64393544197,17.6107322573662,0.293512204289436,-5.76384248168243e-05,305.019173120665,201.331537050312,208.15900311705,204.048062850064,-1.78731927808673,-1.00685106514783,-1.39708517161728,202.689799950188,155.916285076729,187,309,7,21,5
3836216979.64174,1056.76644253731,17.6127740422885,0.293546234038141,-0.000820304582837456,305.139816639202,156.788114376053,156.667410766561,158.159250318619,-0.383003137190225,-1.28997818137132,-0.836490659280771,157.473682347336,121.134420947593,178,296,7,22,5
3836216981.59886,1058.72355461121,17.6453925768534,0.294089876280891,0.000716522808463164,307.207107520085,120.380158957887,116.08392210757,120.115262481857,0.70670731059605,0.585837599790961,0.646272455193505,120.247710719872,92.4988645162763,176,298,7,23,5
3836216981.76587,1058.89056420326,17.6481760700544,0.29413626783424,0.000827657777576065,306.865349313951,161.322059542183,162.981523346379,163.704346357386,0.339993174726974,-1.4597414441063,-0.559874134689665,162.513202949784,125.011001471598,192,319,7,24,5
3836216982.63292,1059.75761365891,17.6626268943151,0.294377114905251,-0.000787655430704777,307.633569898512,150.705227282484,157.980670582028,153.532688904773,-0.257270098597786,-1.76885873687687,-1.01306441773733,152.118958093628,117.015374436849,186,305,7,25,5
3836216986.48064,1063.60533356667,17.7267555594444,0.29544592599074,-0.000816401906822723,309.875261178912,115.882035258136,115.148692390237,116.852267420964,-1.39666542024174,1.07233378267278,-0.162165818784477,116.36715133955,89.5137986533264,185,303,7,26,5
3836216986.74915,1063.8738489151,17.7312308152517,0.295520513587528,0.000242930832547398,309.899506259568,156.802433384358,155.479245362411,158.43177379933,0.794675792118114,-0.466252300788974,0.16421174566457,157.617103591844,121.244745727874,191,311,7,27,5
3836216987.19318,1064.31787443161,17.7386312405268,0.295643854008781,0.0111271924845235,312.658744316981,125.015248166496,121.288424587468,125.327347379136,3.00385185703631,5.36148958152049,4.1826707192784,125.171297772816,96.2862647837571,195,327,7,28,5
3836216987.37569,1064.50038504601,17.7416730841001,0.295694551401668,8.33581374523163e-05,310.394478981456,218.707380350312,226.653493841673,221.154672361029,-0.0645358060533551,0.0123884747119137,-0.0260736656707207,219.931026355671,169.178856612003,198,327,7,30,5
3836216988.32574,1065.45043921471,17.7575073202451,0.295958455337418,-0.000877258422174226,310.543240417556,248.456002878474,245.86782943214,252.230004547326,-2.68796920646728,-1.86728051186745,-2.27762485916736,250.3430037129,192.572843544459,194,318,7,31,5
3836216988.56926,1065.6939535141,17.7615658919017,0.296026098198361,0.00151211083323144,310.559737342949,16.4413074939407,16.858474224412,16.7710248986559,0.758098846942303,0.248584083576114,0.503341465259208,16.6061661962983,12.7740603786174,128,210,7,33,5
3836216990.23585,1067.36054873466,17.7893424789111,0.296489041315185,-0.00197345783452627,310.627927724088,115.387199691877,115.222075431004,119.367850161718,-2.59750709117802,-3.44433599816128,-3.02092154466965,117.377524926797,90.2910143607867,201,323,7,34,5
3836216991.96795,1069.09264731407,17.8182107885679,0.296970179809464,-0.00124721074262403,311.278924241481,100.740842116326,99.4930632355135,99.2373989296801,-2.24319773999119,-0.0769984787303886,-1.16009810936079,99.989120523003,76.9152282150717,172,282,7,36,5
3836216992.30747,1069.43216753006,17.8238694588343,0.297064490980572,-0.000902027417693017,311.068577859535,151.933033143041,151.593609655626,153.088403223971,-1.08717388096818,-0.634093572204555,-0.860633726586365,152.510718183506,117.316730389985,195,318,7,38,5
3836216993.45253,1070.57723283768,17.8429538806279,0.297382564677132,-0.00199559583385161,310.717077134843,134.095527606967,130.688906989015,135.68632089933,-0.934769731727897,-0.49630087941182,-0.715535305569859,134.890924253148,103.762951097125,173,287,7,40,5
3836216995.11713,1072.24182772636,17.8706971287727,0.297844952146212,-0.000408182993033631,311.332394853957,105.905736561329,100.187697441127,105.954526889891,-0.315631687648862,1.63056370714164,0.657466009746388,105.93013172561,81.4852677362384,159,264,7,41,5
3836216995.32064,1072.44533920288,17.8740889867147,0.297901483111911,0.00046037647876352,311.238991869814,296.231624656135,299.058697645728,299.891843116915,-2.21203245982489,-1.82873700925966,-2.02038473454227,298.061733886525,229.279807284513,217,356,7,42,5
3836216997.65477,1074.77947282791,17.9129912137985,0.298549853563309,0.00134703390718528,311.31052260216,176.267183365706,182.833288010309,177.280768179095,-2.44328693678045,-0.21620239092377,-1.32974466385211,176.7739757724,135.980900901031,204,335,7,45,5
3836216998.00279,1075.12749290466,17.9187915484111,0.298646525806851,0.00214597217998149,312.339767250193,285.132140872773,236.746999515649,290.013537987055,-19.8387479033237,-17.1095763749999,-18.4741621391618,287.572839429914,221.211372372452,196,326,7,46,5
3836216999.37887,1076.5035712719,17.9417261878649,0.299028769797749,0.000625173060457607,312.020392766935,93.197594020344,96.3273596614811,95.2701746193127,-2.1505052593009,1.02333543179921,-0.563584913750846,94.2338843198283,72.4880935059813,164,281,7,47,5
3836217000.96596,1078.0906624794,17.96817770799,0.2994696284665,0.000965019132201,312.708729952802,233.623100044195,232.129359665374,233.492733519089,-3.05554980301258,-2.10180635465873,-2.57867807883565,233.557916781642,179.661150900552,196,326,7,49,5
3836217001.87902,1079.00371456146,17.983395242691,0.299723254044851,-0.000106677520940837,313.335905250773,163.224911519924,164.412458732474,165.428935347025,-1.3624565469619,-0.360896466282753,-0.861676506622328,164.326923433474,126.406180508994,201,329,7,52,5
3836217002.50855,1079.63325047493,17.9938875079155,0.299898125131925,0.00137027102369001,313.133242517366,138.847896646659,142.952165974663,141.01744438743,0.144590062518487,-2.06266165847275,-0.959035797977129,139.932670517044,107.641243679975,201,320,7,53,5
3836217003.16759,1080.29228806496,18.0048714677493,0.300081191129155,-0.000677604674946498,313.24720939454,201.571210401029,195.8983829524,199.221102444318,-3.46232900189404,-0.848157280972957,-2.1552431414335,200.396156422673,154.151931970711,183,299,7,57,5
3836217003.95163,1081.07633304596,18.0179388840993,0.300298981401655,-0.000164133338309877,313.393800748979,166.778125086145,172.257211383195,168.590681977303,-2.06050497777966,-0.981746276941507,-1.52112562736058,167.684403531724,128.988874972489,200,326,7,58,5
3836217004.17215,1081.29684591293,18.0216140985489,0.300360234975815,-0.000101169967259134,313.581626065386,323.831523967652,328.425462348816,324.713792479264,-4.19485905023691,-3.68613392759894,-3.94049648891792,324.272658223458,249.442193117673,208,343,7,59,5
3836217005.59273,1082.7174270153,18.0452904502551,0.300754840837585,0.00213592263374448,313.754650479008,212.994103685132,217.805968908917,216.521726692668,-2.00608989315014,-1.36670208503275,-1.68639598909145,214.7579151889,165.199513420535,200,330,7,62,5
3836217006.23877,1083.36346411705,18.0560577352842,0.30093429558807,0.00011568950053115,314.032581187165,168.762015295326,167.470671655746,169.753772929297,1.53210433687435,-0.78915213381184,0.371476101531256,169.257894112312,130.199260527108,187,307,7,63,5
3836217007.86586,1084.99055695534,18.0831759492556,0.301386265820927,-0.000775479692138671,315.013873510141,163.223622447444,163.939027843943,164.296877068581,-0.945375289200888,0.313774979936769,-0.315800154632059,163.760249758013,125.97027473401,192,319,7,64,5
3836217008.17888,1085.30357456207,18.0883929093679,0.301473215156131,-0.000440169962613159,315.059177196241,124.174114550729,123.705822726413,123.625179314623,0.421571485344504,0.648461611588322,0.535016548466413,123.899646932676,95.3080652149671,203,328,7,65,5
3836217008.38339,1085.50808668137,18.0918014446894,0.301530024078157,5.55224994287171e-05,314.639169464331,216.712435779811,223.659996478793,218.641954360253,-1.50418666612257,-0.476170030998058,-0.990178348560317,217.677195070032,167.445128514521,209,331,7,66,5
3836217008.91492,1086.0396168232,18.1006602803866,0.301677671339777,0.00421887291139015,316.039441568203,181.667794397784,185.911469571817,184.359355597166,-1.11619165115685,-3.90168236004075,-2.5089370055988,183.013574997475,140.78062506959,198,325,7,67,5
3836217009.65096,1086.77565932274,18.112927655379,0.30188212758965,-0.000101487760417745,314.650634008341,153.193091441446,152.053782614117,152.520520840626,-2.13128495515117,-0.769493204094123,-1.45038907962265,152.856806141036,117.582953696048,197,327,7,68,5
3836217009.99948,1087.12417888641,18.1187363147736,0.301978938579559,-0.00164152150658835,314.755751898804,126.205600855901,129.207816051179,127.316476404078,-0.906690123263725,-0.734634824118941,-0.820662473691333,126.76103862999,97.5091506356651,181,303,7,69,5
3836217011.84909,1088.97378492355,18.1495630820592,0.30249271803432,-0.000735235852269237,315.021061884167,176.21234758229,184.470695710616,177.111080835342,-1.60250206931227,0.439094643835919,-0.581703712738176,176.661714208816,135.894545268161,195,324,7,73,5
3836217012.1476,1089.27230167389,18.1545383612315,0.302575639353858,-0.00282154452989105,314.929155579945,115.492375612465,113.822409362661,116.947338933657,0.136069009891742,0.60334503335246,0.369707021622101,116.219857273061,89.4004947590681,168,278,7,74,5
3836217012.40312,1089.52781605721,18.1587969342868,0.302646615571446,-0.000562260380818061,315.279045006786,216.134283242532,219.515698101389,218.690460244941,-2.10982448230107,-2.50925960855457,-2.30954204542782,217.412371743736,167.241416885975,199,333,7,76,5
3836217012.70414,1089.82883381844,18.1638138969739,0.302730231616232,0.00101175904304442,315.154762077019,182.738217934947,191.263444471659,184.670104281704,0.0810704218787075,-2.25636012398179,-1.08764485105154,183.704161108326,141.31184874713,194,324,7,77,5
3836217012.99815,1090.12285065651,18.1687141776085,0.302811902960141,0.000640032189248534,315.094927593522,139.657240957809,142.011347799324,140.507517701116,0.318358887038135,-0.514831532415578,-0.0982363226887212,140.082379329462,107.756405083662,202,331,7,78,5
3836217013.42068,1090.54537439346,18.1757562398911,0.302929270664851,9.31291273361398e-05,314.940951919307,192.974092769777,200.039712863384,195.884469810624,-2.62980132013422,-3.46365224534686,-3.04672678274054,194.4292812902,149.56199698434,208,337,7,79,5
3836217013.60019,1090.72488498688,18.1787480831146,0.302979134718577,0.00068365650241675,315.161925737036,114.846785512139,115.044975499883,116.901090222649,0.108385484114179,-2.29796526675061,-1.09478989131821,115.873937867394,89.1344011091616,172,286,7,80,5
3836217013.7917,1090.91639614105,18.1819399356842,0.303032332261403,-7.4810274813531e-05,314.810725407865,122.255399615989,128.700873998548,124.24544971611,-1.15012547741526,-0.331993112044218,-0.741059294729737,123.250424666049,94.8086600943032,186,298,7,81,5
3836217014.75125,1091.87595057487,18.1979325095812,0.303298875159687,0.00224807163043766,315.276846606523,219.429972341922,223.765754912983,219.442670829031,-2.08077472270021,-0.878807452810478,-1.47979108775534,219.436321585477,168.798311907743,206,331,7,82,5
3836217018.15045,1095.27514481544,18.2545857469241,0.304243095782068,0.00313945689757863,316.871095600291,109.477108575278,108.998693951888,113.287612112159,-0.513133114793164,-0.697981854389424,-0.605557484591294,111.382360343719,85.6793181114099,189,310,7,87,5
3836217018.45096,1095.57566261292,18.2595943768819,0.304326572948032,0.000415919428070593,316.759058255623,141.253794452131,142.722864074489,142.666658135478,-0.824551960181737,0.0289525263920873,-0.397799716894825,141.960226293804,109.20091251667,178,300,7,89,5
3836217019.85804,1096.98274254799,18.2830457091331,0.304717428485552,-0.00188806903563552,317.046359921357,93.4937294845499,91.7038855481756,92.4288819538334,-0.0430373432217943,0.109616055048936,0.033289355913571,92.9613057191916,71.5091802704451,157,256,7,90,5
3836217020.51908,1097.64378094673,18.2940630157789,0.304901050262981,-0.00113739644594841,317.153326776439,41.0459252809917,44.6794513017803,42.6231423672786,-1.1752137474291,-1.36230694246681,-1.26876034494795,41.8345338241351,32.1806282475926,160,264,7,91,5
3836217021.86516,1098.98985767365,18.3164976278941,0.305274960464901,0.0165448928200862,320.63415685852,154.144828734884,148.189433030347,151.474771603359,4.12329957249161,4.79329128886933,4.45829543068047,152.809800169121,117.546795011599,188,319,7,92,5
3836217024.00578,1101.13048005104,18.3521746675173,0.305869577791956,0.000750664858099885,317.52051984463,103.008098656263,102.371766616866,102.17227293814,-2.58845490802971,0.328251175749777,-1.13010186613997,102.590185797201,78.9160611869073,174,293,7,94,5
3836217024.22779,1101.35249304771,18.3558748841286,0.30593124806881,0.00113921307736427,317.24425582064,139.595822270973,142.030454743174,142.317600373195,-1.3056132026029,0.194985452798274,-0.555313874902313,140.956711322084,108.428972702984,190,309,7,95,5
3836217024.52431,1101.64900970459,18.3608168284098,0.306013613806831,0.00178271952346001,317.361165635251,151.248579910454,150.791639727675,149.420492821926,-2.47010574879903,-2.06132833908482,-2.26571704394192,150.33453636619,115.642733056667,194,326,7,96,5
3836217024.85083,1101.97552800179,18.3662588000298,0.306104313333829,-0.000174188267500971,317.94191629801,136.012020346691,131.283947432511,139.163279801508,-0.340185681998541,-1.08692129947888,-0.713553490738709,137.587650074099,105.837369602528,169,285,7,97,5
3836217030.52765,1107.65235280991,18.4608725468318,0.307681209113863,0.00252704850362841,321.39796104337,191.562429352396,197.406353283942,194.643783203512,-3.38149205190039,-1.64932440123181,-2.5154082265661,193.103106277954,148.541855461077,199,330,7,98,5
3836217031.67322,1108.79791855812,18.479965309302,0.3079994218217,-0.00029635045218583,323.02820993489,92.9141593540712,97.1002682073282,93.0994996522483,-0.430230887565437,0.0819093481825298,-0.174160769691454,93.0068295031598,71.5441988026095,181,297,7,99,5
3836217032.88629,1110.01098823547,18.5001831372579,0.308336385620965,0.00482036620669688,323.576012062222,290.716372606929,316.053531945217,293.519701983751,-5.63052062186991,-4.07790850038574,-4.85421456112782,292.11803729534,224.707702065856,226,360,7,100,5
3836217032.9853,1110.10999369621,18.5018332282702,0.308363887137837,0.00399759132673507,323.892996139152,244.383396246225,250.029020693046,245.729984037551,-2.94674842067225,-2.52153744740135,-2.7341429340368,245.056690141888,188.506420991644,208,341,7,101,5
3836217035.73695,1112.86165142059,18.5476941903432,0.30912823650572,0.0043237117727762,324.118099344194,207.940990590795,221.526080423743,209.587843203597,-1.03549853890306,-1.60768945198107,-1.32159399544207,208.764416897196,160.589098942421,203,332,7,103,5
3836217038.92364,1116.04833340645,18.6008055567741,0.310013425946236,-0.000189595459742589,327.829302487987,120.493488305303,117.363529287798,123.614996079849,-0.923140176183042,-1.46854805789048,-1.19584411703676,122.054242192576,93.8885135078263,180,304,7,104,5
3836217039.68318,1116.80787706375,18.6134646177292,0.310224410295486,0.000591846390711344,328.951536203603,316.99370981833,332.034230170622,319.105843054247,-4.34142396599652,-0.969026604194106,-2.65522528509531,318.049776436289,244.655328603694,212,341,7,105,5
3836217041.06826,1118.19295620918,18.636549270153,0.310609154502551,0.00101931515160329,329.025226018831,138.325435385551,135.722555896372,137.170248321549,-1.3538345559176,-1.46596851227359,-1.40990153409559,137.74784185355,105.96059488154,189,315,7,107,5
3836217043.70141,1120.82610654831,18.6804351091385,0.311340585152308,-0.000128698832220187,331.986072274709,221.393994132264,227.051517254046,221.26551766186,-1.30847101352633,-1.62981107526248,-1.46914104439441,221.329755897062,170.254809688943,199,325,7,108,5
3836217043.93842,1121.06312012672,18.6843853354454,0.311406422257423,0.00260990678975922,331.745305436281,162.363457335109,163.641287867292,163.967290856918,-1.03156351139472,-0.370703261448958,-0.701133386421837,163.165374096013,125.512674976526,211,340,7,110,5
3836217046.66208,1123.78677630424,18.7297796050707,0.312162993417846,0.00112571247801372,332.962107489116,136.374769261882,139.466002067421,135.880476075908,-1.9176357352116,-0.745126807416053,-1.33138127131383,136.127622668895,104.714264003797,211,337,7,111,5
3836217049.45924,1126.58393621445,18.7763989369075,0.312939982281791,0.00073705297319408,333.007876295663,120.860550277684,120.746429688941,124.008234567175,-0.0402702964113983,-0.645569982050593,-0.342920139230996,122.43439242243,94.1809387390139,185,307,7,116,5
3836217049.83026,1126.95495700836,18.782582616806,0.313043043613434,0.00478260632286078,333.359055790954,208.957714964998,207.682651493973,212.618750854425,-1.50027336668257,-0.67165257516439,-1.08596297092348,210.788232909711,162.145891017936,184,312,7,117,5
3836217049.91376,1127.03846168518,18.7839743614197,0.313066239356995,0.00687524692030763,334.210123986269,237.346116213517,245.088312083551,239.238475963361,-3.17285785998853,-3.95998217675066,-3.5664200183696,238.292296088439,183.303005763704,205,338,7,118,5
3836217050.24728,1127.37198090553,18.7895330150922,0.31315888358487,0.00329544032761359,333.151309285074,218.62209000891,219.853731169155,220.523714825514,-4.19968184770696,-2.75878851933687,-3.47923518352192,219.572902417212,168.903374796463,185,305,7,119,5
3836217050.5503,1127.6749985218,18.7945833086967,0.313243055144946,0.00452145668076822,333.808994304392,211.335173181301,222.522778589224,214.516820590671,-1.76115095082014,-1.9196927458253,-1.84042184832272,212.925996885986,163.790335965998,209,347,7,120,5
3836217050.74631,1127.87100982666,18.7978501637777,0.313297502729628,0.00382093605907461,333.820721440447,207.681853485755,213.895765993491,211.81047708393,-2.68696478481535,-0.232632444841976,-1.45979861482866,209.746165284843,161.344295116671,190,313,7,121,5
3836217051.45585,1128.58055019379,18.8096758365631,0.313494597276052,0.00199612512864127,334.936758532216,314.140734694425,323.97991559426,316.756478660264,-2.77974503246248,-2.65447445431733,-2.7171097433899,315.448606677344,242.654415258434,214,353,7,122,5
3836217051.63836,1128.76306056976,18.8127176761627,0.313545294602712,0.0027702941361177,334.768076580609,260.310789914631,270.665746062765,263.458426433165,-1.62228441151426,-1.99547698041381,-1.80888069596403,261.884608173898,201.451060858926,216,350,7,123,5
3836217052.20439,1129.32909297943,18.8221515496572,0.31370252582762,0.00899473957323955,335.810390872242,209.962300598048,221.003068350261,214.745582037312,-3.05783326155813,-1.99832869740094,-2.52808097947953,212.35394131768,163.350290245445,213,347,7,124,5
3836217052.2944,1129.41909813881,18.8236516356468,0.31372752726078,5.22523208586336e-05,336.398269540936,189.616088191491,195.482163771483,191.329739411618,-0.35048160352299,-0.191686728298561,-0.271084165910776,190.472913801554,146.518616797573,199,324,7,125,5
3836217054.17651,1131.30120587349,18.8550200978915,0.314250334964858,0.00396757820968913,335.888460984943,184.073848485445,189.897222830267,185.705011917096,-2.69773355681816,-3.20772380751445,-2.95272868216631,184.88943020127,142.223600368739,207,337,7,126,5
3836217055.66159,1132.78629040718,18.8797715067863,0.314662858446439,0.00696180807297685,338.043376224139,195.451632876636,204.80136312842,198.468399477183,-2.85890073985564,-3.4827208816003,-3.17081081072797,196.96001617691,151.508729292264,203,323,7,128,5
3836217056.09362,1133.21831536293,18.8869719227155,0.314782865378592,0.0089671765785755,338.209537688829,231.360209773348,239.524430568372,235.612510902272,-1.34358494931617,-2.57363550045698,-1.95861022488657,233.48636033781,179.60610711,213,343,7,129,5
3836217056.29813,1133.4228272438,18.8903804540634,0.31483967423439,0.00189196277664868,339.467399382807,209.571606246791,213.791959144682,211.48427915619,-2.93734833745811,-2.89771212102432,-2.91753022924122,210.52794270149,161.945666426873,198,328,7,131,5
3836217057.13568,1134.26037478447,18.9043395797412,0.315072326329019,0.0120715453809459,339.190103414213,395.122139693685,422.353043199075,400.399008187828,-12.0497294131427,-13.3105094471796,-12.6801194301611,397.760573940756,305.971741321326,251,396,7,132,5
3836217058.16874,1135.29343438148,18.9215572396914,0.31535928732819,0.00159590527915614,339.51107891512,200.791371191726,200.556892454394,204.862259437699,-2.78680425306285,-2.31918705689487,-2.55299565497886,202.826815314712,156.021682223701,199,335,7,135,5
3836217058.63726,1135.76196098328,18.9293660163879,0.315489433606466,0.000648730894838741,340.041287605471,193.767500454067,194.76335045802,197.226093516164,-2.23781565528766,-1.77082709698559,-2.00432137613663,195.496796985115,150.383168456477,199,325,7,136,5
3836217058.89928,1136.02397632599,18.9337329387665,0.315562215646108,-0.00145330582002411,339.984151386321,122.642228706701,122.962044642713,122.644529248723,-1.12873522501056,0.0595250122594633,-0.53460510637555,122.643378977712,94.341698714793,188,311,7,137,5
3836217060.18585,1137.31054973602,18.9551758289337,0.315919597148895,0.00195608304035759,340.120080447667,168.375036784578,185.113687535991,169.847832823253,-0.684842197437379,-0.789775052963342,-0.73730862520036,169.111434803916,130.086598758802,204,323,7,141,5
3836217061.66044,1138.78513383865,18.9797522306442,0.31632920384407,0.0100701632829537,340.046643896349,212.50385186342,217.900206159447,216.574369288021,-2.14561707865927,-0.820032974480779,-1.48282502657002,214.539110575721,165.031201041456,210,346,7,142,5
3836217066.99424,1144.11893868446,19.0686489780744,0.31781081630124,0.00268968710112317,340.35327966669,132.906101957019,131.087998466775,134.427607720091,-1.73262259438581,-1.46860095134041,-1.60061177286311,133.666854838555,102.821352872417,194,316,7,144,5
3836217067.27976,1144.40445542336,19.0734075903893,0.317890126506488,0.0102958191270223,340.324507330732,213.596311821692,216.631839834773,216.013442817094,-3.16588839637962,-2.8642987408149,-3.01509356859726,214.804877319393,165.235638380585,195,325,7,145,5
3836217067.54477,1144.66947054863,19.0778245091438,0.317963741819064,0.0076598027231206,339.271263361329,177.240647314819,181.067848802996,179.379003267044,-1.7598408284369,-1.66164909321541,-1.71074496082616,178.309825290932,137.16233159673,200,335,7,146,5
3836217068.20531,1145.33000826836,19.0888334711393,0.318147224518988,0.00133868442054045,340.002633378356,209.64968641109,212.434145486081,211.945060344126,-1.23325640030303,-1.45645041789732,-1.34485340910017,210.797373377608,162.152922194634,185,311,7,147,5
3836217068.55733,1145.68202805519,19.0947004675865,0.318245007793109,0.000164051093649617,340.020900232261,19.7300925579859,22.5572936688763,19.8238126291453,0.800975664227782,-0.234548299197597,0.283213682515093,19.7769525935656,15.2131433317568,156,232,7,148,5
3836217069.43538,1146.56007838249,19.1093346397082,0.318488910661803,0.00906739474206789,340.015361107004,193.647417336538,193.744872382006,194.211114657602,-2.66911458937449,-2.36004687449674,-2.51458073193561,193.92926599707,149.177367234813,185,309,7,149,5
3836217071.14298,1148.26767611504,19.1377946019173,0.318963243365288,0.00329699896117188,342.473253398304,144.458081773848,148.574139460723,146.971402500762,-1.74679561914179,-1.31804902298068,-1.53242232106123,145.714742137305,112.089021157184,192,312,7,150,5
3836217073.17059,1150.29529213905,19.1715882023176,0.319526470038626,0.00604158330208611,343.464226517193,176.368762925088,184.14558556479,177.953946005451,-1.34344937230091,-4.73156374078853,-3.03750655654472,177.16135446527,136.278886525986,200,334,7,151,5
3836217074.22065,1151.34535217285,19.1890892028809,0.319818153381348,0.00817429988622086,343.307005681023,190.631647666187,192.016235758795,193.112476178066,-1.53554478681466,-2.15566782119213,-1.8456063040034,191.872061922126,147.594891860676,209,342,7,152,5
3836217074.51667,1151.64136910439,19.1940228184064,0.319900380306774,0.00294896442962323,343.875423685024,134.384478273085,133.755467845413,134.525599073021,-0.904648207584829,1.23862855359548,0.166990173005326,134.455038673053,103.427652229675,185,304,7,153,5
3836217076.50278,1153.62748241425,19.2271247069041,0.320452078448402,0.00562766120299823,344.558058447208,18.3265732590169,15.8831141864812,18.4298932872057,-1.02319594815929,0.783685290735873,-0.119755328711708,18.3782332731113,14.137198117129,132,208,7,154,5
3836217079.38495,1156.50964784622,19.275160797437,0.321252679957284,0.014045340952986,345.098308373238,277.874165971885,285.391684443606,281.684703150652,-1.8980916562536,-0.000904492965415338,-0.94949807460951,279.779434561268,215.216405010914,208,342,7,155,5
3836217079.88248,1157.00717616081,19.2834529360135,0.321390882266892,0.00449673020106869,345.547768843158,198.623354297207,207.338115481021,198.77306534091,-3.77911209665598,-0.939520417586137,-2.35931625712106,198.698209819059,152.845810366371,200,332,7,157,5
3836217080.37501,1157.49970412254,19.2916617353757,0.321527695589595,0.00518730810648313,345.604090520475,146.542644028344,145.349393902635,147.690969989799,0.217167695379661,-0.70397051123607,-0.243401407928204,147.116807009071,113.167539890224,206,343,7,158,5
3836217082.31062,1159.43531513214,19.323921918869,0.322065365314484,0.000504519485419038,346.610273630839,302.559307709046,312.756592966154,306.781974815928,-3.95030632464123,-3.45755979693668,-3.70393306078896,304.670641262487,234.363616567118,212,348,7,159,5
3836217084.18572,1161.31042218208,19.3551737030347,0.322586228383912,0.00760442681315298,345.365852719447,184.803439498141,190.733295351675,186.739452170986,0.253127791777168,-1.02475492352048,-0.385813565871657,185.771445834563,142.902078520854,203,340,7,160,5
3836217085.26029,1162.38498330116,19.3730830550194,0.322884717583656,-0.00144518648551008,346.524563771287,171.18632574536,171.173517961176,172.162640454684,-3.30877422317765,-0.377344538387242,-1.84305938078244,171.674483100022,132.058187703581,177,299,7,161,5
3836217086.23334,1163.35803937912,19.3893006563187,0.323155010938644,0.0140305012299187,346.074762689392,289.412865503269,298.58829748207,295.492261988801,-1.46381421427894,-0.689259474787176,-1.07653684453306,292.452563746035,224.965031844982,207,343,7,162,5
3836217086.79737,1163.92207121849,19.3987011869748,0.323311686449581,0.00455546410042742,345.892500909735,162.280849666239,163.472322989033,164.246376207382,-1.62802712345185,-2.34444911635013,-1.98623811990099,163.26361293681,125.588243826617,191,312,7,163,5
3836217088.36646,1165.49116134644,19.4248526891073,0.323747544818454,0.0121320838737202,346.607894884707,249.237890406192,263.377280648325,254.21584526276,-2.92148376096387,-5.31721359813957,-4.11934867955172,251.726867834476,193.637361605753,223,361,7,164,5
3836217089.03,1166.15469932556,19.435911655426,0.323931860923767,-0.00195874845885176,347.014766124549,108.821125785124,108.249949518099,108.858881112288,-0.69945648853307,0.590292618348525,-0.0545819350922722,108.840003448706,83.7236457366432,174,289,7,165,5
3836217089.68704,1166.81173706055,19.4468622843424,0.324114371405707,0.0051198816389028,346.455992795136,147.629784401034,148.949808867327,148.008746747751,-0.545828666721347,-3.19580544556473,-1.87081705614304,147.819265574393,113.707896286807,216,348,7,166,5
3836217090.11256,1167.2372610569,19.4539543509483,0.324232572515806,-0.00121450608900854,347.845608448591,19.6440772001648,18.9743177210383,18.7975438946645,1.80317606623256,1.12566885326662,1.46442245974959,19.2208105474146,14.7853388648713,141,224,7,167,5
3836217091.17512,1168.29982185364,19.4716636975606,0.324527728292677,-0.00187285468701951,346.099358184676,126.063095941845,124.806882882359,128.218503612274,-1.90280436321435,0.345625250781001,-0.778589556216674,127.14079977706,97.8012765703802,164,279,7,169,5
3836217093.81728,1170.94197297096,19.515699549516,0.325261659158601,-0.000546387657837936,346.691013647176,79.6786696269174,83.9438392438848,81.143909369064,-0.633077685446838,-0.188958355718287,-0.411018020582562,80.4112894979907,61.8552563564483,166,276,7,170,5
3836217094.86033,1171.98503303528,19.5330838839213,0.325551398065355,-0.0018244176659849,346.580418129791,199.677558859884,209.877068624995,203.984158760799,-0.766590927024342,0.820733342467642,0.0270712077216498,201.830858810341,155.255556654986,192,321,7,173,5
3836217095.29586,1172.42055773735,19.5403426289558,0.325672377149264,0.00151923471304752,346.473743981562,162.051739690949,156.731793782859,162.497466791646,-1.65488389898211,-0.112886278516746,-0.883885088749428,162.274603241297,124.82746199316,184,307,7,177,5
3836217096.0769,1173.20160269737,19.5533600449562,0.325889334082603,-0.000674592350917803,346.003149684863,105.043283656835,103.095995041046,104.976397585721,-0.787382114693235,0.537797983630105,-0.124792065531565,105.009840621278,80.7773467149935,191,314,7,178,5
3836217098.91257,1176.03726458549,19.6006210764249,0.326677017940415,-0.00168561999434155,346.738757421349,137.735750545603,143.597348004187,138.590502312316,-1.14366543019432,-3.47161666918635,-2.30764104969033,138.163126428959,106.280046715147,188,312,7,179,5
3836217100.00663,1177.13132739067,19.6188554565112,0.326980924275186,0.0113065164236218,346.769253109747,220.029083711592,224.67461193061,221.951047298113,-1.38283218331659,-2.92439660252342,-2.15361439292001,220.990065504852,169.993507620252,210,338,7,180,5
3836217100.39415,1177.51884937286,19.6253141562144,0.32708856927024,-0.00143813691250969,347.484319244589,247.569788057099,253.922702147756,251.967900893502,-2.94339451613706,-3.29368965450986,-3.11854208532346,249.7688444753,192.131179605814,205,336,7,181,5
3836217101.36321,1178.48790502548,19.641465083758,0.327357751395967,-0.000498855593307699,347.760587627811,193.793975145553,198.240470030656,196.083006720983,-2.00478948071939,-1.23356968631899,-1.61917958351919,194.938490933268,149.953699358568,191,320,7,182,5
3836217103.0043,1180.12899851799,19.6688166419665,0.327813610699442,-0.00308842295592431,348.462082878877,136.467602450212,148.166389024309,137.285455879386,-6.53968518940856,0.156292597335341,-3.19169629603661,136.876529164799,105.290349819363,181,293,7,190,5
3836217103.42332,1180.54802250862,19.6758003751437,0.327930006252395,0.00524103439087172,347.679187264506,189.125958667758,200.370514939003,190.977294651556,-2.33804114009701,-2.45507807592643,-2.39655960801172,190.051626659657,146.194547573905,194,317,7,191,5
3836217103.98136,1181.10605454445,19.6851009090741,0.328085015151236,0.00424205484954665,347.818432341883,205.29945425738,216.334388898222,206.767211308851,-2.1010832214199,-1.8521596873469,-1.9766214543834,206.033332783116,158.488250802041,207,334,7,192,5
3836217104.88941,1182.01410651207,19.7002351085345,0.328337251808908,-0.00100685590379052,348.345927253322,111.922650701791,112.679523658311,114.84064282038,-0.91019425515919,-0.789975719384299,-0.850084987271744,113.381646761086,87.2172411399828,188,310,7,193,5
3836217104.98891,1182.11361217499,19.7018935362498,0.32836489227083,0.00231703631110869,348.067769268989,56.6076804038083,55.4200587991768,56.3849277498894,0.30079666160386,-1.03438759134267,-0.366795464869404,56.4963040768489,43.4589893245359,149,257,7,194,5
3836217105.31943,1182.44413137436,19.7074021895727,0.328456703159544,0.000257991879222399,348.525265074261,129.901063611538,126.822816235727,129.696791443579,0.99333830675702,0.473562294921502,0.733450300839261,129.798927527559,99.8460040515807,187,312,7,195,5
3836217106.91852,1184.04322266579,19.7340537110964,0.328900895184941,0.00747806093361395,348.112103109978,215.076155664103,223.618661599693,219.6417124489,-2.62458968707918,-1.92430362533836,-2.27444665620877,217.358934056502,167.200310694747,198,323,7,196,5
3836217108.88014,1186.00483465195,19.7667472441991,0.329445787403319,-0.00187387937909807,348.36951074229,124.836460330488,128.4769892273,125.505217020305,-0.857919780406361,-0.963207387958122,-0.910563584182241,125.170838675396,96.2859116295076,193,317,7,197,5
3836217110.0672,1187.19190263748,19.7865317106247,0.329775528510412,-0.00214622983543418,348.67062500093,271.992652329676,274.92003646661,273.482635242147,-3.63405391331734,-3.23561989140227,-3.43483690235981,272.737643785911,209.799606246245,201,328,7,198,5
3836217113.66491,1190.78960824013,19.8464934706688,0.330774891177813,0.00803963895507794,348.144903447845,191.697028797219,199.182779750501,195.679601360667,-2.03516241780864,-2.98818546043243,-2.51167393912054,193.688315078943,148.992019121344,208,339,7,199,5
3836217114.69247,1191.81716680527,19.8636194467545,0.331060324112574,0.00171481208841657,349.302967938475,213.513964616365,224.056145974052,218.629279300933,-2.27244333008974,-2.90595186267006,-2.5891975963799,216.071621958649,166.210063923173,210,343,7,200,5
3836217115.2515,1192.37619924545,19.8729366540909,0.331215610901515,0.00381120512390655,348.748085529945,238.041651860409,251.487073441122,238.993924189944,-4.32683719804702,-2.93020457224856,-3.62852088514779,238.517788025176,183.476462272613,209,338,7,201,5
3836217115.68953,1192.81422424316,19.8802370707194,0.33133728451199,0.00426296170534287,349.68727918406,281.897040474662,290.405931857965,284.223326131218,-1.70295254827724,-2.81918374814225,-2.26106814820974,283.06018330294,217.740074954825,201,335,7,202,5
3836217118.11216,1195.23686242104,19.9206143736839,0.332010239561399,0.00808216224001367,348.004347949387,191.878342865956,200.192573313959,194.794868399114,-1.68492521397842,-3.29248238674684,-2.48870380036263,193.336605632535,148.721471563826,206,329,7,204,5
3836217119.82776,1196.95246076584,19.9492076794306,0.332486794657177,0.00436786603422527,348.886136662483,224.931641668743,228.782392162857,228.257981070868,0.342447051077857,-4.17454255678275,-1.91604775285245,226.594811369805,174.304879747894,202,331,7,205,5
3836217136.2657,1213.39040088654,20.2231733481089,0.337052889135149,0.000707586981697626,305.759960217841,106.813369955952,105.117161459646,106.818368275093,1.05538512101571,-0.937014411432299,0.0591853547917073,106.815869115523,82.16660879742,188,313,7,208,5
3836217137.32576,1214.45046186447,20.2408410310745,0.337347350517909,0.00214862372459611,307.535902252229,22.0821443680492,24.5417872577482,21.8881460583817,-0.152798924362723,1.90535879571101,0.876279935674146,21.9851452132154,16.9117645256909,130,201,7,211,5
3836217138.64334,1215.76803708076,20.2628006180127,0.337713343633546,-0.000705191208300363,305.619118537892,244.717975205964,249.50915368841,243.840248227733,-3.82286020849045,-0.0611369457601387,-1.94199857712529,244.279111716849,187.908279696829,195,321,7,215,5
3836217139.29288,1216.41757416725,20.2736262361209,0.337893770602014,-0.00064938760643295,308.17236458999,302.405034361502,298.263638788683,304.061559342457,-8.27098173401097,-6.24180436979008,-7.25639305190053,303.23329685198,233.257959543838,184,308,7,219,5
3836217141.76052,1218.88521528244,20.3147535880407,0.338579226467345,-0.00169942136295764,309.498960868015,124.204599970429,123.285066578425,126.589641812638,0.639288610673366,-0.0368550592383311,0.301216775717517,125.397120891534,96.4599760497583,164,278,7,223,5
3836217142.50056,1219.62525725365,20.3270876208941,0.338784793681569,0.00162803319415436,309.972169818266,19.096688190445,16.1315497338436,18.6076452073967,-0.033907643091801,1.71507628325622,0.84058432008221,18.8521666989208,14.5017647561215,122,203,7,224,5
3836217142.60757,1219.73226356506,20.3288710594177,0.338814517656962,-0.000485124236613607,310.411304443456,34.0863709073876,32.8419210202275,33.8573402813921,1.55041741420467,-0.942765359759618,0.303826027222525,33.9718555943899,26.1323733248642,134,232,7,225,5
3836217143.71663,1220.84132695198,20.3473554491997,0.339122590819995,0.000375656258008145,312.246958616637,126.240222964889,133.266607489538,126.640287997826,0.329200397914869,-0.63982409324092,-0.155311847663026,126.440255481358,97.2623926988466,179,295,7,227,5
3836217144.20116,1221.32585477829,20.3554309129715,0.339257181882858,-0.00156940766554305,313.469730872194,244.648328090673,239.409283080742,240.171812321458,-1.65950720417675,-6.39566793615238,-4.02758757016456,242.410070206066,186.470545735441,192,322,7,230,5
3836217144.73569,1221.86038565636,20.3643397609393,0.339405662682321,0.0020399545200561,313.425756441775,153.084952637372,160.43892800545,154.542849004006,-1.05490187482218,-2.08874206501246,-1.57182196991732,153.813900820689,118.31918535129,197,321,7,231,5
3836217145.22622,1222.35091376305,20.3725152293841,0.339541920489735,-0.000714809841174656,313.808152780956,151.02384183555,148.383437079543,152.757109667806,-1.63970162135553,-1.34197773684467,-1.4908396791001,151.890475751678,116.839617600681,182,302,7,233,5
3836217146.09577,1223.22046327591,20.3870077212652,0.339783462021086,0.00180522405007411,312.278268223549,119.199621569298,121.49899065652,120.961407843234,-1.19435305157114,1.21418520372993,0.00991607607939615,120.080514706266,92.3702513284027,150,259,7,234,5
3836217146.83931,1223.96400570869,20.3994000951449,0.339990001585748,-8.60099200174726e-05,312.419354071094,158.76780188685,158.295249680495,158.487842102381,-1.64687112643991,-0.714018070550629,-1.18044459849527,158.627821994615,122.022226679839,194,322,7,238,5
3836217148.80692,1225.93161845207,20.4321936408679,0.340536560681131,-0.000785454485179475,314.287123532886,171.886416773335,175.707302693216,173.40452255172,-1.95182734045115,-0.962872399777441,-1.4573498701143,172.645469662527,132.805105494819,195,323,7,240,5
3836217149.77898,1226.90367388725,20.4483945647875,0.340806576079792,-0.000410629441487607,311.413190558289,158.911076787706,162.743591788943,157.984159192752,-0.952417451498918,1.16188529151855,0.104733920009815,158.447617990229,121.883607277547,174,295,7,241,5
3836217150.95104,1228.07574105263,20.4679290175438,0.341132150292397,-0.00315613069650182,315.539911214201,149.771973694553,149.968231228908,147.6935162726,-0.0405915679440689,-0.301181440089952,-0.170886504017011,148.732744983576,114.41057750712,181,294,7,245,5
3836217151.00805,1228.13274407387,20.4688790678978,0.341147984464963,5.48533554059708e-05,314.778097378439,153.365794984916,158.760082224939,156.493972420335,-2.39368611293085,-2.35851462862436,-2.3761003707776,154.929883702626,119.177639527098,205,329,7,246,5
3836217151.43157,1228.55626821518,20.4759378035863,0.341265630059772,-0.00184910494668224,315.268056990207,120.215882784294,116.521220950676,119.916289350923,-0.426002053395865,1.24282401713456,0.408410981869345,120.066086067608,92.3591523005345,161,267,7,247,5
3836217151.74409,1228.86878657341,20.4811464428902,0.341352440714836,-0.00116041580881641,316.101128548796,113.360063480034,112.350172792568,112.490110357783,0.182335775390297,-0.156311745460083,0.0130120149651073,112.925086918908,86.8660388864653,181,299,7,249,5
3836217152.38412,1229.50882315636,20.4918137192726,0.341530228654544,0.000180321203053356,313.924222408984,149.338075977224,154.042265911585,150.817210246171,-0.0921332837976299,0.19026761516695,0.0490671656846603,150.077643111697,115.445121524603,178,302,7,251,5
3836217152.45513,1229.57982730865,20.4929971218109,0.341549952030182,0.00136514612185716,314.662871288464,112.718670899432,111.472767406897,115.186661732789,-0.638065898766717,0.183428380100788,-0.227318759332965,113.952666316111,87.6564899218532,156,267,7,252,5
3836217154.51475,1231.63944506645,20.5273240844409,0.342122068074014,-0.00215014816380014,315.980762433543,113.583144435439,112.01407817682,112.564740911981,-0.0809386083673455,0.322469786523948,0.120765589078301,113.07394267371,86.9805440875493,169,289,7,253,5
3836217155.87782,1233.00252246857,20.5500420411428,0.342500700685713,-0.000492546814829909,316.175080695748,257.111012658438,263.664516451697,258.976468731733,-1.00492057283711,-1.89066733498253,-1.44779395390982,258.043740695085,198.496527434375,190,313,7,254,5
3836217159.47503,1236.59972810745,20.6099954684575,0.343499924474292,-0.00182607948712927,316.311407060052,163.393873738763,168.979541701703,165.863915959815,-0.908188086431719,-1.4638810445963,-1.18603456551401,164.628894849289,126.638467784253,193,309,7,255,5
3836217159.52903,1236.65373182297,20.6108955303828,0.34351492550638,-0.00179385563352127,316.576220861127,151.951962865819,157.487001112038,150.788682790152,-2.66910497075748,-0.6531476571866,-1.66112631397204,151.370322827986,116.439497261356,183,309,7,256,5
3836217161.65115,1238.77585291862,20.6462642153104,0.344104403588507,-0.00183578140116681,315.512884906226,135.27219089754,134.114283386715,136.703672897666,-0.359800234298596,-0.775612613376707,-0.567706423837651,135.987931897603,104.606808837702,170,287,7,258,5
3836217164.61432,1241.73902249336,20.6956503748894,0.344927506248156,3.14461822627778e-05,318.106877635814,159.967549579176,159.200110242822,159.544481494061,-0.300380537872789,-1.0537445207577,-0.677062529315245,159.756015536618,122.890073734599,180,298,7,260,5
3836217165.42787,1242.55256891251,20.7092094818751,0.345153491364585,-0.00170568934505666,315.863520024072,90.1790238019089,88.7010814997046,89.6182836812497,-0.372621973753736,0.823285955039729,0.225331990642997,89.8986537415793,69.1532782026076,161,275,7,261,5
3836217165.75639,1242.88108778,20.7146847963333,0.345244746605555,-0.000884177883207187,316.512551506069,207.536703014339,211.301485181569,209.140459800901,-2.00498829370629,-2.98693650655497,-2.49596240013063,208.33858140762,160.26153096611,204,330,7,262,5
3836217167.31248,1244.43717694283,20.7406196157138,0.345676993595229,0.000517935070326951,317.414809825431,78.8670130053305,77.5066786348286,78.3443749539977,-0.056736978339027,0.280352858306173,0.111807939983573,78.6056939796641,60.4663273346729,134,227,7,263,5
3836217167.671,1244.79569721222,20.746594953537,0.34577658255895,-0.00184204713144525,317.712345485133,11.5988459650443,8.66257331019409,11.9889299558836,-3.0862289289684,0.77994645164825,-1.15314123866007,11.7938879604639,9.07228285714726,119,199,7,265,5
3836217169.18259,1246.30728411674,20.7717880686124,0.346196467810207,0.000352839800671901,317.569164339433,99.7199813045874,97.3986925349886,101.507991089939,0.459112285062789,0.641574680467832,0.550343482765311,100.613986197263,77.3958973687566,151,259,7,2,6
3836217171.02319,1248.14788889885,20.8024648149808,0.346707746916347,-0.00169792394035487,318.193992197423,125.191725589965,117.595108890832,124.259026569504,-1.64666453338627,-2.52785881474628,-2.08726167406627,124.725376079734,95.9432457771888,176,296,7,3,6
3836217171.62723,1248.7519235611,20.8125320593516,0.346875534322527,-0.00794739150189938,320.576518061287,32.9839794470819,32.597531336624,33.0407646877024,0.182846928956624,1.63142082969811,0.907133879327366,33.0123720673922,25.3943040823145,141,245,7,5,6
3836217171.86674,1248.99143767357,20.8165239612261,0.346942066020436,-0.00763989239413519,321.947822965561,139.078332142506,141.197513103812,140.186961428523,1.73729426036737,1.15132694489778,1.44431060263257,139.632646785514,107.410454633528,181,303,7,6,6
3836217172.69929,1249.82398486137,20.8303997476896,0.347173329128159,-0.00531983373635854,320.352946246349,184.462755617757,189.779415781116,187.231957390429,-1.65221940012107,-1.40751559286626,-1.52986749649366,185.847356504093,142.960471738439,200,328,7,7,6
3836217172.82429,1249.94899201393,20.8324832002322,0.347208053337203,0.000887306777414701,319.701178688401,159.502172848537,162.28167792116,160.042929773447,-2.03982315857998,-0.826469614802867,-1.43314638669142,159.772551310992,122.902793647056,200,328,7,8,6
3836217173.81285,1250.93754887581,20.8489591479301,0.347482652465502,-0.000646426840190248,321.0777829696,71.097555687792,74.353862070737,70.9462285595036,0.00135581614448729,-0.583215695961657,-0.290929939908585,71.0218921236478,54.6325941500792,166,272,7,9,6
3836217174.04336,1251.16806149483,20.8528010249138,0.347546683748563,0.00128549542117705,321.9804896015,160.926462612083,157.270593275644,163.689062236784,-0.734217383547887,1.30689763640246,0.286340126427287,162.307762424434,124.852969229597,189,315,7,10,6
